gameKey,seasonName,date,n,winner,H_TEAM,H_AST,H_BLK,H_DREB,H_OREB,H_PRB,H_TRB,H_2PA,H_2PM,H_3PA,H_3PM,H_DKA,H_DKM,H_FTA,H_FTM,H_SWA,H_SWM,H_FGA,H_FGM,H_TPF,H_PF,H_PP,H_PA,H_STL,H_TTO,H_PTO,H_MIN,H_UF,H_TF,H_EJ,H_TO,H_NR,H_TS%,H_eFG%,H_EFF,H_TOV%,H_OREB%,H_FT%,H_AST%,H_AST/TO%,H_CR,H_LC,H_LLP,H_PACE,A_TEAM,A_AST,A_BLK,A_DREB,A_OREB,A_PRB,A_TRB,A_2PA,A_2PM,A_3PA,A_3PM,A_DKA,A_DKM,A_FTA,A_FTM,A_SWA,A_SWM,A_FGA,A_FGM,A_TPF,A_PF,A_PP,A_PA,A_STL,A_TTO,A_PTO,A_MIN,A_UF,A_TF,A_EJ,A_TO,A_NR,A_TS%,A_eFG%,A_EFF,A_TOV%,A_OREB%,A_FT%,A_AST%,A_AST/TO%,A_CR,A_LC,A_LLP,A_PACE
S45G01N82,2024-2025,20241213,1,away,70,0,0,0,0,0,0,0,0,0,0,0,0,0,0,0,0,0,0,0,0,0,0,0,0,0,0,0,0,0,0,0.0,0.0,0.0,0,0.0,0.0,0.0,0.0,0.0,0,0,0,0.0,50,0,0,0,0,0,0,0,0,0,0,0,0,0,0,0,0,0,0,0,0,0,0,0,0,0,0,0,0,0,0,0.0,0.0,0.0,0,0.0,0.0,0.0,0.0,0.0,0,0,0,0.0
S45G01N82,2024-2025,20241213,2,away,70,0,0,0,0,0,0,0,0,0,0,0,0,0,0,0,0,0,0,0,0,0,0,0,0,0,0,0,0,0,0,0.0,0.0,0.0,0,0.0,0.0,0.0,0.0,0.0,0,0,0,0.0,50,0,0,0,0,0,0,0,0,0,0,0,0,0,0,0,0,0,0,0,0,0,0,0,0,0,0,0,0,0,0,0.0,0.0,0.0,0,0.0,0.0,0.0,0.0,0.0,0,0,0,0.0
S45G01N82,2024-2025,20241213,3,away,70,0,0,0,0,0,0,0,0,0,0,0,0,0,0,0,0,0,0,0,0,0,0,0,0,0,0,0,0,0,0,0.0,0.0,0.0,0,0.0,0.0,0.0,0.0,0.0,0,0,0,0.0,50,0,0,0,0,0,0,0,0,0,0,0,0,0,0,0,0,0,0,0,0,0,0,0,0,0,0,0,0,0,0,0.0,0.0,0.0,0,0.0,0.0,0.0,0.0,0.0,0,0,0,0.0
S45G01N82,2024-2025,20241213,4,away,70,0,0,0,0,0,0,0,0,0,0,0,0,0,0,0,0,0,0,0,0,0,0,0,0,0,0,0,0,0,0,0.0,0.0,0.0,0,0.0,0.0,0.0,0.0,0.0,0,0,0,0.0,50,0,0,0,0,0,0,0,0,0,0,0,0,0,0,0,0,0,0,0,0,0,0,0,0,0,0,0,0,0,0,0.0,0.0,0.0,0,0.0,0.0,0.0,0.0,0.0,0,0,0,0.0
S45G01N82,2024-2025,20241213,5,away,70,0,0,0,0,0,0,0,0,0,0,0,0,0,0,0,0,0,0,0,0,0,0,0,0,0,0,0,0,0,0,0.0,0.0,0.0,0,0.0,0.0,0.0,0.0,0.0,0,0,0,0.0,50,0,0,0,0,0,0,0,0,0,0,0,0,0,0,0,0,0,0,0,0,0,0,0,0,0,0,0,0,0,0,0.0,0.0,0.0,0,0.0,0.0,0.0,0.0,0.0,0,0,0,0.0
S45G01N82,2024-2025,20241213,6,away,70,0,0,0,0,0,0,0,0,0,0,0,0,0,0,0,0,0,0,0,0,0,0,0,0,0,0,0,0,0,0,0.0,0.0,0.0,0,0.0,0.0,0.0,0.0,0.0,0,0,0,0.0,50,0,0,0,0,0,0,0,0,0,0,0,0,0,0,0,0,0,0,0,0,0,0,0,0,0,0,0,0,0,0,0.0,0.0,0.0,0,0.0,0.0,0.0,0.0,0.0,0,0,0,0.0
S45G01N82,2024-2025,20241213,7,away,70,0,0,0,0,0,0,0,0,0,0,0,0,0,0,0,0,0,0,0,0,0,0,0,0,0,0,0,0,0,0,0.0,0.0,0.0,0,0.0,0.0,0.0,0.0,0.0,0,0,0,0.0,50,0,0,0,0,0,0,0,0,0,0,0,0,0,0,0,0,0,0,0,0,0,0,0,0,0,0,0,0,0,0,0.0,0.0,0.0,0,0.0,0.0,0.0,0.0,0.0,0,0,0,0.0
S45G01N82,2024-2025,20241213,8,away,70,0,0,0,0,0,0,0,0,0,0,0,0,0,0,0,0,0,0,0,0,0,0,0,0,0,0,0,0,0,0,0.0,0.0,0.0,0,0.0,0.0,0.0,0.0,0.0,0,0,0,0.0,50,0,0,0,0,0,0,0,0,0,0,0,0,0,0,0,0,0,0,0,0,0,0,0,0,0,0,0,0,0,0,0.0,0.0,0.0,0,0.0,0.0,0.0,0.0,0.0,0,0,0,0.0
S45G01N82,2024-2025,20241213,9,away,70,0,0,0,0,0,0,0,0,0,0,0,0,0,0,0,0,0,0,0,0,0,0,0,0,0,0,0,0,0,0,0.0,0.0,0.0,0,0.0,0.0,0.0,0.0,0.0,0,0,0,0.0,50,0,0,0,0,0,0,0,0,0,0,0,0,0,0,0,0,0,0,0,0,0,0,0,0,0,0,0,0,0,0,0.0,0.0,0.0,0,0.0,0.0,0.0,0.0,0.0,0,0,0,0.0
S45G01N82,2024-2025,20241213,10,away,70,0,0,0,0,0,0,0,0,0,0,0,0,0,0,0,0,0,0,0,0,0,0,0,0,0,0,0,0,0,0,0.0,0.0,0.0,0,0.0,0.0,0.0,0.0,0.0,0,0,0,0.0,50,0,0,0,0,0,0,0,0,0,0,0,0,0,0,0,0,0,0,0,0,0,0,0,0,0,0,0,0,0,0,0.0,0.0,0.0,0,0.0,0.0,0.0,0.0,0.0,0,0,0,0.0
S45G01N82,2024-2025,20241213,11,away,70,0,0,0,0,0,0,0,0,0,0,0,0,0,0,0,0,0,0,0,0,0,0,0,0,0,0,0,0,0,0,0.0,0.0,0.0,0,0.0,0.0,0.0,0.0,0.0,0,0,0,0.0,50,0,0,0,0,0,0,0,0,0,0,0,0,0,0,0,0,0,0,0,0,0,0,0,0,0,0,0,0,0,0,0.0,0.0,0.0,0,0.0,0.0,0.0,0.0,0.0,0,0,0,0.0
S45G01N82,2024-2025,20241213,12,away,70,0,0,0,0,0,0,0,0,1,0,0,0,0,0,0,0,1,0,0,0,0,1,0,0,0,25,0,0,0,0,0.0,0.0,0.0,-1,0.0,0.0,0.0,0.0,0.0,0,0,0,48.0,50,0,0,0,0,0,0,0,0,0,0,0,0,0,0,0,0,0,0,0,0,0,0,0,0,0,25,0,0,0,0,0.0,0.0,0.0,0,0.0,0.0,0.0,0.0,0.0,0,0,0,48.0
S45G01N82,2024-2025,20241213,13,away,70,0,0,0,0,0,0,0,0,1,0,0,0,0,0,0,0,1,0,0,0,0,1,0,1,0,27,0,0,0,1,0.0,0.0,0.0,-2,0.0,0.0,0.0,0.0,0.0,0,0,0,44.44444444444444,50,0,0,0,0,0,0,0,0,0,0,0,0,0,0,0,0,0,0,0,0,0,0,0,0,0,27,0,0,0,0,0.0,0.0,0.0,0,0.0,0.0,0.0,0.0,0.0,0,0,0,44.44444444444444
S45G01N82,2024-2025,20241213,14,away,70,0,0,0,0,0,0,0,0,1,0,0,0,0,0,0,0,1,0,0,0,0,1,0,1,0,39,0,0,0,1,0.0,0.0,0.0,-2,0.0,0.0,0.0,0.0,0.0,0,0,0,61.53846153846154,50,0,0,0,0,0,0,0,0,1,0,0,0,0,0,0,0,1,0,0,0,0,1,0,0,0,39,0,0,0,0,0.0,0.0,0.0,-1,0.0,0.0,0.0,0.0,0.0,0,0,0,61.53846153846154
S45G01N82,2024-2025,20241213,15,away,70,0,1,0,0,0,0,0,0,1,0,0,0,0,0,0,0,1,0,0,0,0,1,0,1,0,40,0,0,0,1,0.0,0.0,0.0,-1,0.0,0.0,0.0,0.0,0.0,0,0,0,60.0,50,0,0,0,0,0,0,0,0,1,0,0,0,0,0,0,0,1,0,0,0,0,1,0,0,0,40,0,0,0,0,0.0,0.0,0.0,-1,0.0,0.0,0.0,0.0,0.0,0,0,0,60.0
S45G01N82,2024-2025,20241213,16,away,70,0,1,0,0,0,0,0,0,1,0,0,0,0,0,0,0,1,0,0,0,0,1,0,1,0,41,0,0,0,1,0.0,0.0,0.0,-1,0.0,0.0,0.0,0.0,0.0,0,0,0,29.26829268292683,50,0,0,0,1,1,0,0,0,1,0,0,0,0,0,0,0,1,0,0,0,0,1,0,0,0,41,0,0,0,0,0.0,0.0,0.0,0,0.0,100.0,0.0,0.0,0.0,0,0,0,29.26829268292683
S45G01N82,2024-2025,20241213,17,away,70,0,1,0,0,0,0,0,0,1,0,0,0,0,0,0,0,1,0,0,0,0,1,0,1,0,42,0,0,0,1,0.0,0.0,0.0,-1,0.0,0.0,0.0,0.0,0.0,0,0,0,57.142857142857146,50,0,0,0,1,1,0,1,0,1,0,0,0,0,0,0,0,2,0,0,0,0,2,0,0,0,42,0,0,0,0,0.0,0.0,0.0,-1,0.0,100.0,0.0,0.0,0.0,0,0,0,57.142857142857146
S45G01N82,2024-2025,20241213,18,away,70,0,1,1,0,1,0,0,0,1,0,0,0,0,0,0,0,1,0,0,0,0,1,0,1,0,43,0,0,0,1,0.0,0.0,0.0,0,0.0,0.0,0.0,0.0,0.0,0,0,0,55.81395348837209,50,0,0,0,1,1,0,1,0,1,0,0,0,0,0,0,0,2,0,0,0,0,2,0,0,0,43,0,0,0,0,0.0,0.0,0.0,-1,0.0,50.0,0.0,0.0,0.0,0,0,0,55.81395348837209
S45G01N82,2024-2025,20241213,19,away,70,0,1,1,0,1,0,0,0,2,0,0,0,0,0,0,0,2,0,0,0,0,2,0,1,0,49,0,0,0,1,0.0,0.0,0.0,-1,0.0,0.0,0.0,0.0,0.0,0,0,0,73.46938775510203,50,0,0,0,1,1,0,1,0,1,0,0,0,0,0,0,0,2,0,0,0,0,2,0,0,0,49,0,0,0,0,0.0,0.0,0.0,-1,0.0,50.0,0.0,0.0,0.0,0,0,0,73.46938775510203
S45G01N82,2024-2025,20241213,20,away,70,0,1,1,1,2,0,0,0,2,0,0,0,0,0,0,0,2,0,0,0,0,2,0,1,0,51,0,0,0,1,0.0,0.0,0.0,0,0.0,100.0,0.0,0.0,0.0,0,0,0,47.05882352941177,50,0,0,0,1,1,0,1,0,1,0,0,0,0,0,0,0,2,0,0,0,0,2,0,0,0,51,0,0,0,0,0.0,0.0,0.0,-1,0.0,50.0,0.0,0.0,0.0,0,0,0,47.05882352941177
S45G01N82,2024-2025,20241213,21,away,70,0,1,1,1,2,0,0,0,2,0,0,0,0,0,0,0,2,0,0,0,0,2,0,1,1,60,0,0,0,2,0.0,0.0,0.0,-1,33.333333333333336,100.0,0.0,0.0,0.0,0,0,0,60.0,50,0,0,0,1,1,0,1,0,1,0,0,0,0,0,0,0,2,0,0,0,0,2,0,0,0,60,0,0,0,0,0.0,0.0,0.0,-1,0.0,50.0,0.0,0.0,0.0,0,0,0,60.0
S45G01N82,2024-2025,20241213,22,away,70,0,1,1,1,2,0,0,0,2,0,0,0,0,0,0,0,2,0,0,0,0,2,0,1,1,64,0,0,0,2,0.0,0.0,0.0,-1,33.333333333333336,100.0,0.0,0.0,0.0,0,0,0,56.25,50,0,0,0,1,1,0,1,0,1,0,0,0,0,0,0,0,2,0,0,0,0,2,1,0,0,64,0,0,0,0,0.0,0.0,0.0,0,0.0,50.0,0.0,0.0,0.0,0,0,0,56.25
S45G01N82,2024-2025,20241213,23,away,70,0,1,1,1,2,0,0,0,2,0,0,0,0,0,0,0,2,0,0,0,0,2,0,1,1,75,0,0,0,2,-100.0,0.0,0.0,-1,33.333333333333336,100.0,0.0,0.0,0.0,2,1,0,64.0,50,0,0,0,1,1,0,2,1,1,0,0,0,0,0,0,0,3,1,0,0,2,3,1,0,0,75,0,0,0,0,100.0,33.333333333333336,33.333333333333336,2,0.0,50.0,0.0,0.0,0.0,2,1,2,64.0
S45G01N82,2024-2025,20241213,24,away,70,0,1,1,1,2,0,0,0,2,0,0,0,0,0,0,0,2,0,0,0,0,2,0,1,1,76,0,0,0,2,-100.0,0.0,0.0,-1,33.333333333333336,100.0,0.0,0.0,0.0,2,1,0,63.1578947368421,50,1,0,0,1,1,0,2,1,1,0,0,0,0,0,0,0,3,1,0,0,2,3,1,0,0,76,0,0,0,0,100.0,33.333333333333336,33.333333333333336,3,0.0,50.0,0.0,100.0,0.0,2,1,2,63.1578947368421
S45G01N82,2024-2025,20241213,25,away,70,0,1,1,1,2,0,0,0,3,0,0,0,0,0,0,0,3,0,0,0,0,3,0,1,1,94,0,0,0,2,-100.0,0.0,0.0,-2,25.0,100.0,0.0,0.0,0.0,2,1,0,63.829787234042556,50,1,0,0,1,1,0,2,1,1,0,0,0,0,0,0,0,3,1,0,0,2,3,1,0,0,94,0,0,0,0,100.0,33.333333333333336,33.333333333333336,3,0.0,50.0,0.0,100.0,0.0,2,1,2,63.829787234042556
S45G01N82,2024-2025,20241213,26,away,70,0,1,1,2,3,0,0,0,3,0,0,0,0,0,0,0,3,0,0,0,0,3,0,1,1,96,0,0,0,2,-100.0,0.0,0.0,-1,25.0,100.0,0.0,0.0,0.0,2,1,0,50.0,50,1,0,0,1,1,0,2,1,1,0,0,0,0,0,0,0,3,1,0,0,2,3,1,0,0,96,0,0,0,0,100.0,33.333333333333336,33.333333333333336,3,0.0,50.0,0.0,100.0,0.0,2,1,2,50.0
S45G01N82,2024-2025,20241213,27,away,70,0,1,1,2,3,0,1,1,3,0,0,0,0,0,0,0,4,1,0,0,2,4,0,1,1,98,0,0,0,2,-33.33333333333333,25.0,25.0,1,20.0,100.0,0.0,0.0,0.0,2,1,0,61.224489795918366,50,1,0,0,1,1,0,2,1,1,0,0,0,0,0,0,0,3,1,0,0,2,3,1,0,0,98,0,0,0,0,33.33333333333333,33.333333333333336,33.333333333333336,3,0.0,50.0,0.0,100.0,0.0,2,1,2,61.224489795918366
S45G01N82,2024-2025,20241213,28,away,70,0,1,1,2,3,0,1,1,3,0,0,0,0,0,0,0,4,1,0,0,2,4,0,1,1,119,0,0,0,2,0.0,25.0,25.0,1,20.0,100.0,0.0,0.0,0.0,2,1,0,60.50420168067227,50,1,0,0,1,1,0,3,1,1,0,0,0,0,0,0,0,4,1,0,0,2,4,1,0,0,119,0,0,0,0,0.0,25.0,25.0,2,0.0,50.0,0.0,100.0,0.0,2,1,2,60.50420168067227
S45G01N82,2024-2025,20241213,29,away,70,0,1,2,2,4,0,1,1,3,0,0,0,0,0,0,0,4,1,0,0,2,4,0,1,1,121,0,0,0,2,0.0,25.0,25.0,2,20.0,100.0,0.0,0.0,0.0,2,1,0,59.50413223140497,50,1,0,0,1,1,0,3,1,1,0,0,0,0,0,0,0,4,1,0,0,2,4,1,0,0,121,0,0,0,0,0.0,25.0,25.0,2,0.0,33.333333333333336,0.0,100.0,0.0,2,1,2,59.50413223140497
S45G01N82,2024-2025,20241213,30,away,70,0,1,2,2,4,0,2,1,3,0,0,0,0,0,0,0,5,1,0,0,2,5,0,1,1,135,0,0,0,2,-16.66666666666667,20.0,20.0,1,16.666666666666668,100.0,0.0,0.0,0.0,2,1,0,62.22222222222223,50,1,0,0,1,1,0,3,1,1,0,0,0,0,0,0,0,4,1,0,0,2,4,1,0,0,135,0,0,0,0,16.66666666666667,25.0,25.0,2,0.0,33.333333333333336,0.0,100.0,0.0,2,1,2,62.22222222222223
S45G01N82,2024-2025,20241213,31,away,70,0,1,2,2,4,0,2,1,3,0,0,0,0,0,0,0,5,1,0,0,2,5,0,1,1,141,0,0,0,2,-16.66666666666667,20.0,20.0,1,16.666666666666668,66.66666666666667,0.0,0.0,0.0,2,1,0,59.57446808510638,50,1,0,1,1,2,0,3,1,1,0,0,0,0,0,0,0,4,1,0,0,2,4,1,0,0,141,0,0,0,0,16.66666666666667,25.0,25.0,3,0.0,33.333333333333336,0.0,100.0,0.0,2,1,2,59.57446808510638
S45G01N82,2024-2025,20241213,32,away,70,0,1,2,2,4,0,2,1,3,0,0,0,0,0,0,0,5,1,0,0,2,5,0,1,1,146,0,0,0,2,0.0,20.0,20.0,1,16.666666666666668,66.66666666666667,0.0,0.0,0.0,2,1,0,65.75342465753425,50,1,0,1,1,2,0,3,1,2,0,0,0,0,0,0,0,5,1,0,0,2,5,1,0,0,146,0,0,0,0,0.0,20.0,20.0,2,0.0,33.333333333333336,0.0,100.0,0.0,2,1,2,65.75342465753425
S45G01N82,2024-2025,20241213,33,away,70,0,1,3,2,5,0,2,1,3,0,0,0,0,0,0,0,5,1,0,0,2,5,0,1,1,147,0,0,0,2,0.0,20.0,20.0,2,16.666666666666668,66.66666666666667,0.0,0.0,0.0,2,1,0,65.3061224489796,50,1,0,1,1,2,0,3,1,2,0,0,0,0,0,0,0,5,1,0,0,2,5,1,0,0,147,0,0,0,0,0.0,20.0,20.0,2,0.0,25.0,0.0,100.0,0.0,2,1,2,65.3061224489796
S45G01N82,2024-2025,20241213,34,away,70,0,1,3,2,5,0,3,1,3,0,0,0,0,0,0,0,6,1,0,0,2,6,0,1,1,158,0,0,0,2,-10.0,16.666666666666668,16.666666666666668,1,14.285714285714286,66.66666666666667,0.0,0.0,0.0,2,1,0,68.35443037974683,50,1,0,1,1,2,0,3,1,2,0,0,0,0,0,0,0,5,1,0,0,2,5,1,0,0,158,0,0,0,0,10.0,20.0,20.0,2,0.0,25.0,0.0,100.0,0.0,2,1,2,68.35443037974683
S45G01N82,2024-2025,20241213,35,away,70,0,1,3,3,6,0,3,1,3,0,0,0,0,0,0,0,6,1,0,0,2,6,0,1,1,160,0,0,0,2,0.0,16.666666666666668,16.666666666666668,2,14.285714285714286,75.0,0.0,0.0,0.0,2,1,0,60.0,50,1,0,1,1,2,0,3,1,2,0,0,0,0,0,0,0,5,1,0,0,2,5,1,0,0,160,0,0,0,0,0.0,20.0,20.0,2,0.0,25.0,0.0,100.0,0.0,2,1,2,60.0
S45G01N82,2024-2025,20241213,36,away,70,0,1,3,3,6,0,4,2,3,0,0,0,0,0,0,0,7,2,0,0,4,7,0,1,1,165,0,0,0,2,30.0,28.571428571428573,28.571428571428573,4,12.5,75.0,0.0,0.0,0.0,4,2,2,65.45454545454545,50,1,0,1,1,2,0,3,1,2,0,0,0,0,0,0,0,5,1,0,0,2,5,1,0,0,165,0,0,0,0,-30.0,20.0,20.0,2,0.0,25.0,0.0,100.0,0.0,4,2,2,65.45454545454545
S45G01N82,2024-2025,20241213,37,away,70,1,1,3,3,6,0,4,2,3,0,0,0,0,0,0,0,7,2,0,0,4,7,0,1,1,165,0,0,0,2,30.0,28.571428571428573,28.571428571428573,5,12.5,75.0,0.0,50.0,1.0,4,2,2,65.45454545454545,50,1,0,1,1,2,0,3,1,2,0,0,0,0,0,0,0,5,1,0,0,2,5,1,0,0,165,0,0,0,0,-30.0,20.0,20.0,2,0.0,25.0,0.0,100.0,0.0,4,2,2,65.45454545454545
S45G01N82,2024-2025,20241213,38,away,70,1,1,3,3,6,0,4,2,3,0,0,0,0,0,0,0,7,2,0,0,4,7,0,1,1,184,0,0,0,2,0.0,28.571428571428573,28.571428571428573,5,12.5,75.0,0.0,50.0,1.0,2,2,2,65.21739130434783,50,1,0,1,1,2,0,4,2,2,0,0,0,0,0,0,0,6,2,0,0,4,6,1,0,0,184,0,0,0,0,0.0,33.333333333333336,33.333333333333336,4,0.0,25.0,0.0,50.0,0.0,2,2,2,65.21739130434783
S45G01N82,2024-2025,20241213,39,away,70,1,1,3,3,6,0,4,2,4,0,0,0,0,0,0,0,8,2,0,0,4,8,0,1,1,211,0,0,0,2,-13.333333333333329,25.0,25.0,4,11.11111111111111,75.0,0.0,50.0,1.0,2,2,2,62.55924170616114,50,1,0,1,1,2,0,4,2,2,0,0,0,0,0,0,0,6,2,0,0,4,6,1,0,0,211,0,0,0,0,13.333333333333329,33.333333333333336,33.333333333333336,4,0.0,25.0,0.0,50.0,0.0,2,2,2,62.55924170616114
S45G01N82,2024-2025,20241213,40,away,70,1,1,3,3,6,0,4,2,4,0,0,0,0,0,0,0,8,2,0,0,4,8,0,1,1,213,0,0,0,2,-13.333333333333329,25.0,25.0,4,11.11111111111111,75.0,0.0,50.0,1.0,2,2,2,61.97183098591549,50,1,1,1,1,2,0,4,2,2,0,0,0,0,0,0,0,6,2,0,0,4,6,1,0,0,213,0,0,0,0,13.333333333333329,33.333333333333336,33.333333333333336,5,0.0,25.0,0.0,50.0,0.0,2,2,2,61.97183098591549
S45G01N82,2024-2025,20241213,41,away,70,1,1,3,4,7,0,4,2,4,0,0,0,0,0,0,0,8,2,0,0,4,8,0,1,1,215,0,0,0,2,0.0,25.0,25.0,5,11.11111111111111,80.0,0.0,50.0,1.0,2,2,2,55.81395348837209,50,1,1,1,1,2,0,4,2,2,0,0,0,0,0,0,0,6,2,0,0,4,6,1,0,0,215,0,0,0,0,0.0,33.333333333333336,33.333333333333336,5,0.0,25.0,0.0,50.0,0.0,2,2,2,55.81395348837209
S45G01N82,2024-2025,20241213,42,away,70,1,1,3,4,7,0,5,2,4,0,0,0,0,0,0,0,9,2,0,0,4,9,0,1,1,216,0,0,0,2,-13.333333333333329,22.22222222222222,22.22222222222222,4,10.0,80.0,0.0,50.0,1.0,2,2,2,61.11111111111111,50,1,1,1,1,2,0,4,2,2,0,0,0,0,0,0,0,6,2,0,0,4,6,1,0,0,216,0,0,0,0,13.333333333333329,33.333333333333336,33.333333333333336,5,0.0,25.0,0.0,50.0,0.0,2,2,2,61.11111111111111
S45G01N82,2024-2025,20241213,43,away,70,1,1,3,4,7,0,5,2,4,0,0,0,0,0,0,0,9,2,0,0,4,9,0,1,1,217,0,0,0,2,-13.333333333333329,22.22222222222222,22.22222222222222,4,10.0,66.66666666666667,0.0,50.0,1.0,2,2,2,60.8294930875576,50,1,1,2,1,3,0,4,2,2,0,0,0,0,0,0,0,6,2,0,0,4,6,1,0,0,217,0,0,0,0,13.333333333333329,33.333333333333336,33.333333333333336,6,0.0,25.0,0.0,50.0,0.0,2,2,2,60.8294930875576
S45G01N82,2024-2025,20241213,44,away,70,1,1,3,4,7,0,5,2,4,0,0,0,0,0,0,0,9,2,0,0,4,9,0,1,1,226,0,0,0,2,0.0,22.22222222222222,22.22222222222222,4,10.0,66.66666666666667,0.0,50.0,1.0,2,2,2,63.71681415929204,50,1,1,2,1,3,0,4,2,3,0,0,0,0,0,0,0,7,2,0,0,4,7,1,0,0,226,0,0,0,0,0.0,28.571428571428573,28.571428571428573,5,0.0,25.0,0.0,50.0,0.0,2,2,2,63.71681415929204
S45G01N82,2024-2025,20241213,45,away,70,1,1,4,4,8,0,5,2,4,0,0,0,0,0,0,0,9,2,0,0,4,9,0,1,1,227,0,0,0,2,0.0,22.22222222222222,22.22222222222222,5,10.0,66.66666666666667,0.0,50.0,1.0,2,2,2,63.436123348017624,50,1,1,2,1,3,0,4,2,3,0,0,0,0,0,0,0,7,2,0,0,4,7,1,0,0,227,0,0,0,0,0.0,28.571428571428573,28.571428571428573,5,0.0,20.0,0.0,50.0,0.0,2,2,2,63.436123348017624
S45G01N82,2024-2025,20241213,46,away,70,1,1,4,4,8,0,5,2,4,0,0,0,0,0,0,0,9,2,0,0,4,9,0,1,1,228,0,0,0,2,0.0,22.22222222222222,22.22222222222222,5,10.0,66.66666666666667,0.0,50.0,1.0,2,2,2,63.15789473684211,50,1,1,2,1,3,0,4,2,3,0,0,0,0,0,0,0,7,2,1,1,4,7,1,0,0,228,0,0,0,0,0.0,28.571428571428573,28.571428571428573,5,0.0,20.0,0.0,50.0,0.0,2,2,2,63.15789473684211
S45G01N82,2024-2025,20241213,47,away,70,1,1,4,4,8,0,5,2,4,0,0,0,0,0,0,0,9,2,0,0,4,9,0,1,1,228,0,0,0,2,0.0,22.22222222222222,22.22222222222222,5,10.0,66.66666666666667,0.0,50.0,1.0,2,2,2,63.15789473684211,50,1,1,2,1,3,0,4,2,3,0,0,0,0,0,0,0,7,2,1,1,4,7,1,0,0,228,0,0,0,0,0.0,28.571428571428573,28.571428571428573,5,0.0,20.0,0.0,50.0,0.0,2,2,2,63.15789473684211
S45G01N82,2024-2025,20241213,48,away,70,1,1,4,4,8,0,5,2,4,0,0,0,0,0,0,0,9,2,0,0,4,9,0,1,1,228,0,0,0,2,0.0,22.22222222222222,22.22222222222222,5,10.0,66.66666666666667,0.0,50.0,1.0,2,2,2,63.15789473684211,50,1,1,2,1,3,0,4,2,3,0,0,0,0,0,0,0,7,2,1,1,4,7,1,0,0,228,0,0,0,0,0.0,28.571428571428573,28.571428571428573,5,0.0,20.0,0.0,50.0,0.0,2,2,2,63.15789473684211
S45G01N82,2024-2025,20241213,49,away,70,1,1,4,4,8,0,5,2,4,0,0,0,0,0,0,0,9,2,0,0,4,9,0,1,1,228,0,0,0,2,0.0,22.22222222222222,22.22222222222222,5,10.0,66.66666666666667,0.0,50.0,1.0,2,2,2,63.15789473684211,50,1,1,2,1,3,0,4,2,3,0,0,0,0,0,0,0,7,2,1,1,4,7,1,0,0,228,0,0,0,0,0.0,28.571428571428573,28.571428571428573,5,0.0,20.0,0.0,50.0,0.0,2,2,2,63.15789473684211
S45G01N82,2024-2025,20241213,50,away,70,1,1,4,4,8,0,5,2,5,1,0,0,0,0,0,0,10,3,0,0,7,10,0,1,1,247,0,0,0,2,33.33333333333333,35.0,35.0,8,9.090909090909092,66.66666666666667,0.0,33.333333333333336,1.0,3,2,3,63.1578947368421,50,1,1,2,1,3,0,4,2,3,0,0,0,0,0,0,0,7,2,1,1,4,7,1,0,0,247,0,0,0,0,-33.33333333333333,28.571428571428573,28.571428571428573,5,0.0,20.0,0.0,50.0,0.0,3,2,2,63.1578947368421
S45G01N82,2024-2025,20241213,51,away,70,2,1,4,4,8,0,5,2,5,1,0,0,0,0,0,0,10,3,0,0,7,10,0,1,1,247,0,0,0,2,33.33333333333333,35.0,35.0,9,9.090909090909092,66.66666666666667,0.0,66.66666666666667,2.0,3,2,3,63.1578947368421,50,1,1,2,1,3,0,4,2,3,0,0,0,0,0,0,0,7,2,1,1,4,7,1,0,0,247,0,0,0,0,-33.33333333333333,28.571428571428573,28.571428571428573,5,0.0,20.0,0.0,50.0,0.0,3,2,2,63.1578947368421
S45G01N82,2024-2025,20241213,52,away,70,2,1,4,4,8,0,5,2,5,1,0,0,0,0,0,0,10,3,0,0,7,10,0,1,1,264,0,0,0,2,0.0,35.0,35.0,9,9.090909090909092,66.66666666666667,0.0,66.66666666666667,2.0,3,2,3,63.63636363636364,50,1,1,2,1,3,0,4,2,4,1,0,0,0,0,0,0,8,3,1,1,7,8,1,0,0,264,0,0,0,0,0.0,43.75,43.75,8,0.0,20.0,0.0,33.333333333333336,0.0,3,2,2,63.63636363636364
S45G01N82,2024-2025,20241213,53,away,70,2,1,4,4,8,0,5,2,5,1,0,0,0,0,0,0,10,3,0,0,7,10,0,1,1,264,0,0,0,2,0.0,35.0,35.0,9,9.090909090909092,66.66666666666667,0.0,66.66666666666667,2.0,3,2,3,63.63636363636364,50,2,1,2,1,3,0,4,2,4,1,0,0,0,0,0,0,8,3,1,1,7,8,1,0,0,264,0,0,0,0,0.0,43.75,43.75,9,0.0,20.0,0.0,66.66666666666667,0.0,3,2,2,63.63636363636364
S45G01N82,2024-2025,20241213,54,away,70,2,1,4,4,8,0,5,2,6,2,0,0,0,0,0,0,11,4,0,0,10,11,0,1,1,285,0,0,0,2,25.0,45.45454545454545,45.45454545454545,12,8.333333333333334,66.66666666666667,0.0,50.0,2.0,3,2,3,63.1578947368421,50,2,1,2,1,3,0,4,2,4,1,0,0,0,0,0,0,8,3,1,1,7,8,1,0,0,285,0,0,0,0,-25.0,43.75,43.75,9,0.0,20.0,0.0,66.66666666666667,0.0,3,2,2,63.1578947368421
S45G01N82,2024-2025,20241213,55,away,70,3,1,4,4,8,0,5,2,6,2,0,0,0,0,0,0,11,4,0,0,10,11,0,1,1,285,0,0,0,2,25.0,45.45454545454545,45.45454545454545,13,8.333333333333334,66.66666666666667,0.0,75.0,3.0,3,2,3,63.1578947368421,50,2,1,2,1,3,0,4,2,4,1,0,0,0,0,0,0,8,3,1,1,7,8,1,0,0,285,0,0,0,0,-25.0,43.75,43.75,9,0.0,20.0,0.0,66.66666666666667,0.0,3,2,2,63.1578947368421
S45G01N82,2024-2025,20241213,56,away,70,3,1,4,4,8,0,5,2,6,2,0,0,0,0,0,0,11,4,1,1,10,11,0,1,1,302,0,0,0,2,25.0,45.45454545454545,45.45454545454545,13,8.333333333333334,66.66666666666667,0.0,75.0,3.0,3,2,3,59.602649006622514,50,2,1,2,1,3,0,4,2,4,1,0,0,0,0,0,0,8,3,1,1,7,8,1,0,0,302,0,0,0,0,-25.0,43.75,43.75,9,0.0,20.0,0.0,66.66666666666667,0.0,3,2,2,59.602649006622514
S45G01N82,2024-2025,20241213,57,away,70,3,1,4,4,8,0,5,2,6,2,0,0,0,0,0,0,11,4,1,1,10,11,0,1,1,302,0,0,0,2,25.0,45.45454545454545,45.45454545454545,13,8.333333333333334,66.66666666666667,0.0,75.0,3.0,3,2,3,59.602649006622514,50,2,1,2,1,3,0,4,2,4,1,0,0,0,0,0,0,8,3,1,1,7,8,1,0,0,302,0,0,0,0,-25.0,43.75,43.75,9,0.0,20.0,0.0,66.66666666666667,0.0,3,2,2,59.602649006622514
S45G01N82,2024-2025,20241213,58,away,70,3,1,4,4,8,0,5,2,6,2,0,0,0,0,0,0,11,4,1,1,10,11,0,1,1,309,0,0,0,2,37.5,45.45454545454545,45.45454545454545,13,8.333333333333334,66.66666666666667,0.0,75.0,3.0,3,2,3,62.13592233009709,50,2,1,2,1,3,0,4,2,5,1,0,0,0,0,0,0,9,3,1,1,7,9,1,0,0,309,0,0,0,0,-37.5,38.888888888888886,38.888888888888886,8,0.0,20.0,0.0,66.66666666666667,0.0,3,2,2,62.13592233009709
S45G01N82,2024-2025,20241213,59,away,70,3,1,4,4,8,0,5,2,6,2,0,0,0,0,0,0,11,4,1,1,10,11,0,1,1,312,0,0,0,2,25.0,45.45454545454545,45.45454545454545,13,8.333333333333334,66.66666666666667,0.0,75.0,3.0,3,2,3,57.69230769230769,50,2,1,2,2,4,0,4,2,5,1,0,0,0,0,0,0,9,3,1,1,7,9,1,0,0,312,0,0,0,0,-25.0,38.888888888888886,38.888888888888886,9,0.0,33.333333333333336,0.0,66.66666666666667,0.0,3,2,2,57.69230769230769
S45G01N82,2024-2025,20241213,60,away,70,3,1,4,4,8,0,5,2,6,2,0,0,0,0,0,0,11,4,1,1,10,11,0,1,1,321,0,0,0,2,0.0,45.45454545454545,45.45454545454545,13,8.333333333333334,66.66666666666667,0.0,75.0,3.0,3,2,3,59.81308411214953,50,2,1,2,2,4,0,4,2,6,2,0,0,0,0,0,0,10,4,1,1,10,10,1,0,0,321,0,0,0,0,0.0,50.0,50.0,12,0.0,33.333333333333336,0.0,50.0,0.0,3,2,2,59.81308411214953
S45G01N82,2024-2025,20241213,61,away,70,3,1,4,4,8,0,5,2,7,2,0,0,0,0,0,0,12,4,1,1,10,12,0,1,1,334,0,0,0,2,-13.888888888888886,41.666666666666664,41.666666666666664,12,7.6923076923076925,66.66666666666667,0.0,75.0,3.0,3,2,3,61.07784431137724,50,2,1,2,2,4,0,4,2,6,2,0,0,0,0,0,0,10,4,1,1,10,10,1,0,0,334,0,0,0,0,13.888888888888886,50.0,50.0,12,0.0,33.333333333333336,0.0,50.0,0.0,3,2,2,61.07784431137724
S45G01N82,2024-2025,20241213,62,away,70,3,1,4,4,8,0,5,2,7,2,0,0,0,0,0,0,12,4,1,1,10,12,0,1,1,337,0,0,0,2,-13.888888888888886,41.666666666666664,41.666666666666664,12,7.6923076923076925,57.142857142857146,0.0,75.0,3.0,3,2,3,60.53412462908012,50,2,1,3,2,5,0,4,2,6,2,0,0,0,0,0,0,10,4,1,1,10,10,1,0,0,337,0,0,0,0,13.888888888888886,50.0,50.0,13,0.0,33.333333333333336,0.0,50.0,0.0,3,2,2,60.53412462908012
S45G01N82,2024-2025,20241213,63,away,70,3,1,4,4,8,0,5,2,7,2,0,0,0,0,0,0,12,4,1,1,10,12,0,1,1,348,0,0,0,2,0.0,41.666666666666664,41.666666666666664,12,7.6923076923076925,57.142857142857146,0.0,75.0,3.0,3,2,3,62.068965517241374,50,2,1,3,2,5,0,5,2,6,2,0,0,0,0,0,0,11,4,1,1,10,11,1,0,0,348,0,0,0,0,0.0,45.45454545454545,45.45454545454545,12,0.0,33.333333333333336,0.0,50.0,0.0,3,2,2,62.068965517241374
S45G01N82,2024-2025,20241213,64,away,70,3,1,5,4,9,0,5,2,7,2,0,0,0,0,0,0,12,4,1,1,10,12,0,1,1,350,0,0,0,2,0.0,41.666666666666664,41.666666666666664,13,7.6923076923076925,57.142857142857146,0.0,75.0,3.0,3,2,3,61.71428571428571,50,2,1,3,2,5,0,5,2,6,2,0,0,0,0,0,0,11,4,1,1,10,11,1,0,0,350,0,0,0,0,0.0,45.45454545454545,45.45454545454545,12,0.0,28.571428571428573,0.0,50.0,0.0,3,2,2,61.71428571428571
S45G01N82,2024-2025,20241213,65,away,70,3,1,5,4,9,0,6,3,7,2,0,0,0,0,0,0,13,5,1,1,12,13,0,1,1,366,0,0,0,2,8.888888888888886,46.15384615384615,46.15384615384615,15,7.142857142857143,57.142857142857146,0.0,60.0,3.0,2,2,3,62.295081967213115,50,2,1,3,2,5,0,5,2,6,2,0,0,0,0,0,0,11,4,1,1,10,11,1,0,0,366,0,0,0,0,-8.888888888888886,45.45454545454545,45.45454545454545,12,0.0,28.571428571428573,0.0,50.0,0.0,2,2,2,62.295081967213115
S45G01N82,2024-2025,20241213,66,away,70,3,1,5,4,9,0,6,3,7,2,0,0,0,0,0,0,13,5,1,1,12,13,0,1,1,378,0,0,0,2,0.0,46.15384615384615,46.15384615384615,15,7.142857142857143,57.142857142857146,0.0,60.0,3.0,2,2,3,63.49206349206349,50,2,1,3,2,5,0,6,3,6,2,0,0,0,0,0,0,12,5,1,1,12,12,1,0,0,378,0,0,0,0,0.0,50.0,50.0,14,0.0,28.571428571428573,0.0,40.0,0.0,2,2,2,63.49206349206349
S45G01N82,2024-2025,20241213,67,away,70,3,1,5,4,9,0,6,3,8,3,0,0,0,0,0,0,14,6,1,1,15,14,0,1,1,392,0,0,0,2,16.363636363636374,53.57142857142857,53.57142857142857,18,6.666666666666667,57.142857142857146,0.0,50.0,3.0,3,2,3,64.28571428571428,50,2,1,3,2,5,0,6,3,6,2,0,0,0,0,0,0,12,5,1,1,12,12,1,0,0,392,0,0,0,0,-16.363636363636374,50.0,50.0,14,0.0,28.571428571428573,0.0,40.0,0.0,3,2,2,64.28571428571428
S45G01N82,2024-2025,20241213,68,away,70,4,1,5,4,9,0,6,3,8,3,0,0,0,0,0,0,14,6,1,1,15,14,0,1,1,392,0,0,0,2,16.363636363636374,53.57142857142857,53.57142857142857,19,6.666666666666667,57.142857142857146,0.0,66.66666666666667,4.0,3,2,3,64.28571428571428,50,2,1,3,2,5,0,6,3,6,2,0,0,0,0,0,0,12,5,1,1,12,12,1,0,0,392,0,0,0,0,-16.363636363636374,50.0,50.0,14,0.0,28.571428571428573,0.0,40.0,0.0,3,2,2,64.28571428571428
S45G01N82,2024-2025,20241213,69,away,70,4,1,5,4,9,0,6,3,8,3,0,0,0,0,0,0,14,6,1,1,15,14,0,1,1,408,0,0,0,2,9.090909090909108,53.57142857142857,53.57142857142857,19,6.666666666666667,57.142857142857146,0.0,66.66666666666667,4.0,2,2,3,64.70588235294119,50,2,1,3,2,5,0,7,4,6,2,0,0,0,0,0,0,13,6,1,1,14,13,1,0,0,408,0,0,0,0,-9.090909090909108,53.84615384615385,53.84615384615385,16,0.0,28.571428571428573,0.0,33.333333333333336,0.0,2,2,2,64.70588235294119
S45G01N82,2024-2025,20241213,70,away,70,4,1,5,4,9,0,7,4,8,3,0,0,0,0,0,0,15,7,1,1,17,15,0,1,1,424,0,0,0,2,14.393939393939391,56.666666666666664,56.666666666666664,21,6.25,57.142857142857146,0.0,57.142857142857146,4.0,2,2,3,65.0943396226415,50,2,1,3,2,5,0,7,4,6,2,0,0,0,0,0,0,13,6,1,1,14,13,1,0,0,424,0,0,0,0,-14.393939393939391,53.84615384615385,53.84615384615385,16,0.0,28.571428571428573,0.0,33.333333333333336,0.0,2,2,2,65.0943396226415
S45G01N82,2024-2025,20241213,71,away,70,5,1,5,4,9,0,7,4,8,3,0,0,0,0,0,0,15,7,1,1,17,15,0,1,1,424,0,0,0,2,14.393939393939391,56.666666666666664,56.666666666666664,22,6.25,57.142857142857146,0.0,71.42857142857143,5.0,2,2,3,65.0943396226415,50,2,1,3,2,5,0,7,4,6,2,0,0,0,0,0,0,13,6,1,1,14,13,1,0,0,424,0,0,0,0,-14.393939393939391,53.84615384615385,53.84615384615385,16,0.0,28.571428571428573,0.0,33.333333333333336,0.0,2,2,2,65.0943396226415
S45G01N82,2024-2025,20241213,72,away,70,5,1,5,4,9,0,7,4,8,3,0,0,0,0,0,0,15,7,1,1,17,15,0,1,1,424,0,0,0,2,14.393939393939391,56.666666666666664,56.666666666666664,22,6.25,57.142857142857146,0.0,71.42857142857143,5.0,2,2,3,65.0943396226415,50,2,1,3,2,5,0,7,4,6,2,0,0,0,0,0,0,13,6,2,1,14,13,1,0,0,424,0,0,0,0,-14.393939393939391,53.84615384615385,53.84615384615385,16,0.0,28.571428571428573,0.0,33.333333333333336,0.0,2,2,2,65.0943396226415
S45G01N82,2024-2025,20241213,73,away,70,5,1,5,4,9,0,7,4,8,3,0,0,0,0,0,0,15,7,1,1,17,15,0,1,1,424,0,0,0,2,14.393939393939391,56.666666666666664,56.666666666666664,22,6.25,57.142857142857146,0.0,71.42857142857143,5.0,2,2,3,65.0943396226415,50,2,1,3,2,5,0,7,4,6,2,0,0,0,0,0,0,13,6,2,1,14,13,1,0,0,424,0,0,0,0,-14.393939393939391,53.84615384615385,53.84615384615385,16,0.0,28.571428571428573,0.0,33.333333333333336,0.0,2,2,2,65.0943396226415
S45G01N82,2024-2025,20241213,74,away,70,5,1,5,4,9,0,7,4,8,3,0,0,0,0,0,0,15,7,1,1,17,15,0,1,1,424,0,0,0,2,14.393939393939391,56.666666666666664,56.666666666666664,22,6.25,57.142857142857146,0.0,71.42857142857143,5.0,2,2,3,65.0943396226415,50,2,1,3,2,5,0,7,4,6,2,0,0,0,0,0,0,13,6,2,1,14,13,1,0,0,424,0,0,0,0,-14.393939393939391,53.84615384615385,53.84615384615385,16,0.0,28.571428571428573,0.0,33.333333333333336,0.0,2,2,2,65.0943396226415
S45G01N82,2024-2025,20241213,75,away,70,5,1,5,4,9,0,7,4,8,3,0,0,0,0,0,0,15,7,1,1,17,15,0,1,1,424,0,0,0,2,14.393939393939391,56.666666666666664,56.666666666666664,22,6.25,57.142857142857146,0.0,71.42857142857143,5.0,2,2,3,65.0943396226415,50,2,1,3,2,5,0,7,4,6,2,0,0,0,0,0,0,13,6,2,1,14,13,1,0,0,424,0,0,0,0,-14.393939393939391,53.84615384615385,53.84615384615385,16,0.0,28.571428571428573,0.0,33.333333333333336,0.0,2,2,2,65.0943396226415
S45G01N82,2024-2025,20241213,76,away,70,5,1,5,4,9,0,7,4,8,3,0,0,0,0,0,0,15,7,1,1,17,15,0,1,1,424,0,0,0,2,14.393939393939391,56.666666666666664,56.666666666666664,22,6.25,57.142857142857146,0.0,71.42857142857143,5.0,2,2,3,65.0943396226415,50,2,1,3,2,5,0,7,4,6,2,0,0,0,0,0,0,13,6,2,1,14,13,1,0,0,424,0,0,0,0,-14.393939393939391,53.84615384615385,53.84615384615385,16,0.0,28.571428571428573,0.0,33.333333333333336,0.0,2,2,2,65.0943396226415
S45G01N82,2024-2025,20241213,77,away,70,5,1,5,4,9,0,7,4,8,3,0,0,0,0,0,0,15,7,1,1,17,15,0,1,1,424,0,0,0,2,14.393939393939391,56.666666666666664,56.666666666666664,22,6.25,57.142857142857146,0.0,71.42857142857143,5.0,2,2,3,65.0943396226415,50,2,1,3,2,5,0,7,4,6,2,0,0,0,0,0,0,13,6,2,1,14,13,1,0,0,424,0,0,0,0,-14.393939393939391,53.84615384615385,53.84615384615385,16,0.0,28.571428571428573,0.0,33.333333333333336,0.0,2,2,2,65.0943396226415
S45G01N82,2024-2025,20241213,78,away,70,5,1,5,4,9,0,7,4,8,3,0,0,1,0,0,0,15,7,1,1,17,16,0,1,1,426,0,0,0,2,9.383221280327419,55.05181347150259,56.666666666666664,21,6.082725060827252,57.142857142857146,0.0,71.42857142857143,5.0,2,2,3,66.0281690140845,50,2,1,3,2,5,0,7,4,6,2,0,0,0,0,0,0,13,6,2,1,14,13,1,0,0,426,0,0,0,0,-9.383221280327419,53.84615384615385,53.84615384615385,16,0.0,28.571428571428573,0.0,33.333333333333336,0.0,2,2,2,66.0281690140845
S45G01N82,2024-2025,20241213,79,away,70,5,1,5,4,9,0,7,4,8,3,0,0,1,0,0,0,15,7,1,1,17,16,0,1,1,426,0,0,0,2,9.383221280327419,55.05181347150259,56.666666666666664,21,6.082725060827252,50.0,0.0,71.42857142857143,5.0,2,2,3,66.0281690140845,50,2,1,4,2,6,0,7,4,6,2,0,0,0,0,0,0,13,6,2,1,14,13,1,0,0,426,0,0,0,0,-9.383221280327419,53.84615384615385,53.84615384615385,17,0.0,28.571428571428573,0.0,33.333333333333336,0.0,2,2,2,66.0281690140845
S45G01N82,2024-2025,20241213,80,away,70,5,1,5,4,9,0,7,4,8,3,0,0,1,0,0,0,15,7,1,1,17,16,0,1,1,435,0,0,0,2,19.989281886388014,55.05181347150259,56.666666666666664,21,6.082725060827252,50.0,0.0,71.42857142857143,5.0,2,2,3,67.42068965517241,50,2,1,4,2,6,0,7,4,7,2,0,0,0,0,0,0,14,6,2,1,14,14,1,0,0,435,0,0,0,0,-19.989281886388014,50.0,50.0,16,0.0,28.571428571428573,0.0,33.333333333333336,0.0,2,2,2,67.42068965517241
S45G01N82,2024-2025,20241213,81,away,70,5,1,6,4,10,0,7,4,8,3,0,0,1,0,0,0,15,7,1,1,17,16,0,1,1,436,0,0,0,2,19.989281886388014,55.05181347150259,56.666666666666664,22,6.082725060827252,50.0,0.0,71.42857142857143,5.0,2,2,3,67.26605504587155,50,2,1,4,2,6,0,7,4,7,2,0,0,0,0,0,0,14,6,2,1,14,14,1,0,0,436,0,0,0,0,-19.989281886388014,50.0,50.0,16,0.0,25.0,0.0,33.333333333333336,0.0,2,2,2,67.26605504587155
S45G01N82,2024-2025,20241213,82,away,70,5,1,6,4,10,0,7,4,8,3,0,0,1,0,0,0,15,7,1,1,17,16,0,1,1,438,0,0,0,2,19.989281886388014,55.05181347150259,56.666666666666664,22,6.082725060827252,50.0,0.0,71.42857142857143,5.0,2,2,3,66.95890410958903,50,2,1,4,2,6,0,7,4,7,2,0,0,0,0,0,0,14,6,3,2,14,14,1,0,0,438,0,0,0,0,-19.989281886388014,50.0,50.0,16,0.0,25.0,0.0,33.333333333333336,0.0,2,2,2,66.95890410958903
S45G01N82,2024-2025,20241213,83,away,70,5,1,6,4,10,0,7,4,8,3,0,0,1,0,0,0,15,7,1,1,17,16,0,1,1,438,0,0,0,2,19.989281886388014,55.05181347150259,56.666666666666664,22,6.082725060827252,50.0,0.0,71.42857142857143,5.0,2,2,3,66.95890410958903,50,2,1,4,2,6,0,7,4,7,2,0,0,0,0,0,0,14,6,3,2,14,14,1,0,0,438,0,0,0,0,-19.989281886388014,50.0,50.0,16,0.0,25.0,0.0,33.333333333333336,0.0,2,2,2,66.95890410958903
S45G01N82,2024-2025,20241213,84,away,70,5,1,6,4,10,0,7,4,9,4,0,0,1,0,0,0,16,8,1,1,20,17,0,1,1,447,0,0,0,2,32.142857142857125,60.8272506082725,62.5,25,5.7339449541284395,50.0,0.0,62.5,5.0,5,2,6,68.29530201342283,50,2,1,4,2,6,0,7,4,7,2,0,0,0,0,0,0,14,6,3,2,14,14,1,0,0,447,0,0,0,0,-32.142857142857125,50.0,50.0,16,0.0,25.0,0.0,33.333333333333336,0.0,5,2,2,68.29530201342283
S45G01N82,2024-2025,20241213,85,away,70,6,1,6,4,10,0,7,4,9,4,0,0,1,0,0,0,16,8,1,1,20,17,0,1,1,447,0,0,0,2,32.142857142857125,60.8272506082725,62.5,26,5.7339449541284395,50.0,0.0,75.0,6.0,5,2,6,68.29530201342283,50,2,1,4,2,6,0,7,4,7,2,0,0,0,0,0,0,14,6,3,2,14,14,1,0,0,447,0,0,0,0,-32.142857142857125,50.0,50.0,16,0.0,25.0,0.0,33.333333333333336,0.0,5,2,2,68.29530201342283
S45G01N82,2024-2025,20241213,86,away,70,6,1,6,4,10,0,7,4,9,4,0,0,1,0,0,0,16,8,1,1,20,17,0,1,1,469,0,0,0,2,41.1172161172161,60.8272506082725,62.5,26,5.7339449541284395,50.0,0.0,75.0,6.0,5,2,6,67.65031982942432,50,2,1,4,2,6,0,7,4,7,2,0,0,0,0,0,0,14,6,3,2,14,14,1,0,1,469,0,0,0,1,-41.1172161172161,50.0,50.0,15,6.666666666666667,25.0,0.0,33.333333333333336,2.0,5,2,2,67.65031982942432
S45G01N82,2024-2025,20241213,87,away,70,6,1,6,4,10,0,8,5,9,4,0,0,1,0,0,0,17,9,1,1,22,18,0,1,1,478,0,0,0,2,44.66226294481142,63.07339449541284,64.70588235294117,28,5.422993492407809,50.0,0.0,66.66666666666667,6.0,7,2,8,68.88702928870293,50,2,1,4,2,6,0,7,4,7,2,0,0,0,0,0,0,14,6,3,2,14,14,1,0,1,478,0,0,0,1,-44.66226294481142,50.0,50.0,15,6.666666666666667,25.0,0.0,33.333333333333336,2.0,7,2,2,68.88702928870293
S45G01N82,2024-2025,20241213,88,away,70,7,1,6,4,10,0,8,5,9,4,0,0,1,0,0,0,17,9,1,1,22,18,0,1,1,478,0,0,0,2,44.66226294481142,63.07339449541284,64.70588235294117,29,5.422993492407809,50.0,0.0,77.77777777777777,7.0,7,2,8,68.88702928870293,50,2,1,4,2,6,0,7,4,7,2,0,0,0,0,0,0,14,6,3,2,14,14,1,0,1,478,0,0,0,1,-44.66226294481142,50.0,50.0,15,6.666666666666667,25.0,0.0,33.333333333333336,2.0,7,2,2,68.88702928870293
S45G01N82,2024-2025,20241213,89,away,70,7,1,6,4,10,0,8,5,9,4,0,0,1,0,0,0,17,9,1,1,22,18,0,1,1,485,0,0,0,2,38.06885635140482,63.07339449541284,64.70588235294117,29,5.422993492407809,50.0,0.0,77.77777777777777,7.0,2,2,8,70.36701030927836,50,2,1,4,2,6,0,8,5,7,2,0,0,0,0,0,0,15,7,3,2,16,15,1,0,1,485,0,0,0,1,-38.06885635140482,53.333333333333336,53.333333333333336,17,6.25,25.0,0.0,28.571428571428573,2.0,2,2,2,70.36701030927836
S45G01N82,2024-2025,20241213,90,away,70,7,1,6,4,10,0,8,5,9,4,0,0,1,0,0,0,17,9,1,1,22,18,0,1,1,485,0,0,0,2,38.06885635140482,63.07339449541284,64.70588235294117,29,5.422993492407809,50.0,0.0,77.77777777777777,7.0,2,2,8,70.36701030927836,50,3,1,4,2,6,0,8,5,7,2,0,0,0,0,0,0,15,7,3,2,16,15,1,0,1,485,0,0,0,1,-38.06885635140482,53.333333333333336,53.333333333333336,18,6.25,25.0,0.0,42.857142857142854,3.0,2,2,2,70.36701030927836
S45G01N82,2024-2025,20241213,91,away,70,7,1,6,4,10,0,9,6,9,4,0,0,1,0,0,0,18,10,1,1,24,19,0,1,1,494,0,0,0,2,41.15470022205771,65.0759219088937,66.66666666666667,31,5.144032921810699,50.0,0.0,70.0,7.0,2,2,8,71.51417004048582,50,3,1,4,2,6,0,8,5,7,2,0,0,0,0,0,0,15,7,3,2,16,15,1,0,1,494,0,0,0,1,-41.15470022205771,53.333333333333336,53.333333333333336,18,6.25,25.0,0.0,42.857142857142854,3.0,2,2,2,71.51417004048582
S45G01N82,2024-2025,20241213,92,away,70,8,1,6,4,10,0,9,6,9,4,0,0,1,0,0,0,18,10,1,1,24,19,0,1,1,494,0,0,0,2,41.15470022205771,65.0759219088937,66.66666666666667,32,5.144032921810699,50.0,0.0,80.0,8.0,2,2,8,71.51417004048582,50,3,1,4,2,6,0,8,5,7,2,0,0,0,0,0,0,15,7,3,2,16,15,1,0,1,494,0,0,0,1,-41.15470022205771,53.333333333333336,53.333333333333336,18,6.25,25.0,0.0,42.857142857142854,3.0,2,2,2,71.51417004048582
S45G01N82,2024-2025,20241213,93,away,70,8,1,6,4,10,0,9,6,9,4,0,0,1,0,0,0,18,10,2,2,24,19,0,1,1,503,0,0,0,2,41.15470022205771,65.0759219088937,66.66666666666667,32,5.144032921810699,50.0,0.0,80.0,8.0,2,2,8,70.23459244532803,50,3,1,4,2,6,0,8,5,7,2,0,0,0,0,0,0,15,7,3,2,16,15,1,0,1,503,0,0,0,1,-41.15470022205771,53.333333333333336,53.333333333333336,18,6.25,25.0,0.0,42.857142857142854,3.0,2,2,2,70.23459244532803
S45G01N82,2024-2025,20241213,94,away,70,8,1,6,4,10,0,9,6,9,4,0,0,1,0,0,0,18,10,2,2,24,19,0,1,1,503,0,0,0,2,41.15470022205771,65.0759219088937,66.66666666666667,32,5.144032921810699,50.0,0.0,80.0,8.0,2,2,8,70.23459244532803,50,3,1,4,2,6,0,8,5,7,2,0,0,0,0,0,0,15,7,3,2,16,15,1,0,1,503,0,0,0,1,-41.15470022205771,53.333333333333336,53.333333333333336,18,6.25,25.0,0.0,42.857142857142854,3.0,2,2,2,70.23459244532803
S45G01N82,2024-2025,20241213,95,away,70,8,1,6,4,10,0,9,6,9,4,0,0,1,0,0,0,18,10,2,2,24,19,0,1,1,513,0,0,0,2,48.77374784110533,65.0759219088937,66.66666666666667,32,5.144032921810699,50.0,0.0,80.0,8.0,2,2,8,71.2046783625731,50,3,1,4,2,6,0,8,5,8,2,0,0,0,0,0,0,16,7,3,2,16,16,1,0,1,513,0,0,0,1,-48.77374784110533,50.0,50.0,17,5.882352941176471,25.0,0.0,42.857142857142854,3.0,2,2,2,71.2046783625731
S45G01N82,2024-2025,20241213,96,away,70,8,1,7,4,11,0,9,6,9,4,0,0,1,0,0,0,18,10,2,2,24,19,0,1,1,514,0,0,0,2,48.77374784110533,65.0759219088937,66.66666666666667,33,5.144032921810699,50.0,0.0,80.0,8.0,2,2,8,71.06614785992218,50,3,1,4,2,6,0,8,5,8,2,0,0,0,0,0,0,16,7,3,2,16,16,1,0,1,514,0,0,0,1,-48.77374784110533,50.0,50.0,17,5.882352941176471,22.22222222222222,0.0,42.857142857142854,3.0,2,2,2,71.06614785992218
S45G01N82,2024-2025,20241213,97,away,70,8,1,7,4,11,0,9,6,9,4,0,0,1,0,0,0,18,10,2,2,24,19,0,1,1,517,0,0,0,2,48.77374784110533,65.0759219088937,66.66666666666667,33,5.144032921810699,50.0,0.0,80.0,8.0,2,2,8,70.65377176015474,50,3,1,4,2,6,0,8,5,8,2,0,0,0,0,0,0,16,7,4,2,16,16,1,0,1,517,0,0,0,1,-48.77374784110533,50.0,50.0,17,5.882352941176471,22.22222222222222,0.0,42.857142857142854,3.0,2,2,2,70.65377176015474
S45G01N82,2024-2025,20241213,98,away,70,8,1,7,4,11,0,9,6,9,4,0,0,1,0,0,0,18,10,2,2,24,19,0,1,1,517,0,0,0,2,48.77374784110533,65.0759219088937,66.66666666666667,33,5.144032921810699,50.0,0.0,80.0,8.0,2,2,8,70.65377176015474,50,3,1,4,2,6,0,8,5,8,2,0,0,0,0,0,0,16,7,4,2,16,16,1,0,1,517,0,0,0,1,-48.77374784110533,50.0,50.0,17,5.882352941176471,22.22222222222222,0.0,42.857142857142854,3.0,2,2,2,70.65377176015474
S45G01N82,2024-2025,20241213,99,away,70,8,1,7,4,11,0,9,6,9,4,0,0,1,0,0,0,18,10,2,2,24,19,0,1,1,517,0,0,0,2,48.77374784110533,65.0759219088937,66.66666666666667,33,5.144032921810699,50.0,0.0,80.0,8.0,2,2,8,70.65377176015474,50,3,1,4,2,6,0,8,5,8,2,0,0,0,0,0,0,16,7,4,2,16,16,1,0,1,517,0,0,0,1,-48.77374784110533,50.0,50.0,17,5.882352941176471,22.22222222222222,0.0,42.857142857142854,3.0,2,2,2,70.65377176015474
S45G01N82,2024-2025,20241213,100,away,70,8,1,7,4,11,0,9,6,9,4,0,0,1,0,0,0,18,10,2,2,24,19,0,1,1,517,0,0,0,2,48.77374784110533,65.0759219088937,66.66666666666667,33,5.144032921810699,50.0,0.0,80.0,8.0,2,2,8,70.65377176015474,50,3,1,4,2,6,0,8,5,8,2,0,0,0,0,0,0,16,7,4,2,16,16,1,0,1,517,0,0,0,1,-48.77374784110533,50.0,50.0,17,5.882352941176471,22.22222222222222,0.0,42.857142857142854,3.0,2,2,2,70.65377176015474
S45G01N82,2024-2025,20241213,101,away,70,8,1,7,4,11,0,9,6,9,4,0,0,1,0,0,0,18,10,2,2,24,19,0,1,1,517,0,0,0,2,48.77374784110533,65.0759219088937,66.66666666666667,33,5.144032921810699,50.0,0.0,80.0,8.0,2,2,8,70.65377176015474,50,3,1,4,2,6,0,8,5,8,2,0,0,0,0,0,0,16,7,4,2,16,16,1,0,1,517,0,0,0,1,-48.77374784110533,50.0,50.0,17,5.882352941176471,22.22222222222222,0.0,42.857142857142854,3.0,2,2,2,70.65377176015474
S45G01N82,2024-2025,20241213,102,away,70,8,1,7,4,11,0,9,6,9,4,0,0,1,0,0,0,18,10,2,2,24,19,0,1,1,517,0,0,0,2,48.77374784110533,65.0759219088937,66.66666666666667,33,5.144032921810699,50.0,0.0,80.0,8.0,2,2,8,70.65377176015474,50,3,1,4,2,6,0,8,5,8,2,0,0,0,0,0,0,16,7,4,2,16,16,1,0,1,517,0,0,0,1,-48.77374784110533,50.0,50.0,17,5.882352941176471,22.22222222222222,0.0,42.857142857142854,3.0,2,2,2,70.65377176015474
S45G01N82,2024-2025,20241213,103,away,70,8,1,7,4,11,0,9,6,9,4,0,0,2,1,0,0,18,10,2,2,25,20,0,1,1,517,0,0,0,2,50.76406381192275,66.20762711864407,66.66666666666667,34,5.030181086519115,50.0,50.0,80.0,8.0,3,2,9,71.6750483558994,50,3,1,4,2,6,0,8,5,8,2,0,0,0,0,0,0,16,7,4,2,16,16,1,0,1,517,0,0,0,1,-50.76406381192275,50.0,50.0,17,5.882352941176471,22.22222222222222,0.0,42.857142857142854,3.0,3,2,2,71.6750483558994
S45G01N82,2024-2025,20241213,104,away,70,9,1,7,4,11,0,9,6,9,4,0,0,2,1,0,0,18,10,2,2,25,20,0,1,1,517,0,0,0,2,50.76406381192275,66.20762711864407,66.66666666666667,35,5.030181086519115,50.0,50.0,90.0,9.0,3,2,9,71.6750483558994,50,3,1,4,2,6,0,8,5,8,2,0,0,0,0,0,0,16,7,4,2,16,16,1,0,1,517,0,0,0,1,-50.76406381192275,50.0,50.0,17,5.882352941176471,22.22222222222222,0.0,42.857142857142854,3.0,3,2,2,71.6750483558994
S45G01N82,2024-2025,20241213,105,away,70,9,1,7,4,11,0,9,6,9,4,0,0,2,1,1,1,18,10,2,2,25,20,0,1,1,517,0,0,0,2,50.76406381192275,66.20762711864407,66.66666666666667,35,5.030181086519115,50.0,50.0,90.0,9.0,3,2,9,71.6750483558994,50,3,1,4,2,6,0,8,5,8,2,0,0,0,0,0,0,16,7,4,2,16,16,1,0,1,517,0,0,0,1,-50.76406381192275,50.0,50.0,17,5.882352941176471,22.22222222222222,0.0,42.857142857142854,3.0,3,2,2,71.6750483558994
S45G01N82,2024-2025,20241213,106,away,70,9,1,7,4,11,0,9,6,9,4,0,0,3,2,1,2,18,10,2,2,26,21,0,1,1,517,0,0,0,2,52.647058823529406,67.28778467908903,66.66666666666667,36,4.921259842519685,50.0,66.66666666666667,90.0,9.0,4,2,10,72.6963249516441,50,3,1,4,2,6,0,8,5,8,2,0,0,0,0,0,0,16,7,4,2,16,16,1,0,1,517,0,0,0,1,-52.647058823529406,50.0,50.0,17,5.882352941176471,22.22222222222222,0.0,42.857142857142854,3.0,4,2,2,72.6963249516441
S45G01N82,2024-2025,20241213,107,away,70,9,1,7,4,11,0,9,6,9,4,0,0,3,2,1,2,18,10,2,2,26,21,0,1,1,517,0,0,0,2,52.647058823529406,67.28778467908903,66.66666666666667,36,4.921259842519685,50.0,66.66666666666667,90.0,9.0,4,2,10,72.6963249516441,50,3,1,4,2,6,0,8,5,8,2,0,0,0,0,0,0,16,7,4,2,16,16,1,0,1,517,0,0,0,1,-52.647058823529406,50.0,50.0,17,5.882352941176471,22.22222222222222,0.0,42.857142857142854,3.0,4,2,2,72.6963249516441
S45G01N82,2024-2025,20241213,108,away,70,9,1,7,4,11,0,9,6,9,4,0,0,3,2,1,2,18,10,2,2,26,21,0,1,1,517,0,0,0,2,52.647058823529406,67.28778467908903,66.66666666666667,36,4.921259842519685,50.0,66.66666666666667,90.0,9.0,4,2,10,72.6963249516441,50,3,1,4,2,6,0,8,5,8,2,0,0,0,0,0,0,16,7,4,2,16,16,1,0,1,517,0,0,0,1,-52.647058823529406,50.0,50.0,17,5.882352941176471,22.22222222222222,0.0,42.857142857142854,3.0,4,2,2,72.6963249516441
S45G01N82,2024-2025,20241213,109,away,70,9,1,7,4,11,0,9,6,9,4,0,0,3,2,1,2,18,10,2,2,26,21,0,1,1,517,0,0,0,2,52.647058823529406,67.28778467908903,66.66666666666667,36,4.921259842519685,50.0,66.66666666666667,90.0,9.0,4,2,10,72.6963249516441,50,3,1,4,2,6,0,8,5,8,2,0,0,0,0,0,0,16,7,4,2,16,16,1,0,1,517,0,0,0,1,-52.647058823529406,50.0,50.0,17,5.882352941176471,22.22222222222222,0.0,42.857142857142854,3.0,4,2,2,72.6963249516441
S45G01N82,2024-2025,20241213,110,away,70,9,1,7,4,11,0,9,6,9,4,0,0,3,2,1,2,18,10,2,2,26,21,0,1,1,535,0,0,0,2,59.31372549019608,67.28778467908903,66.66666666666667,36,4.921259842519685,50.0,66.66666666666667,90.0,9.0,4,2,10,72.49345794392522,50,3,1,4,2,6,0,8,5,8,2,0,0,0,0,0,0,16,7,4,2,16,16,1,0,2,535,0,0,0,2,-59.31372549019608,50.0,50.0,16,11.11111111111111,22.22222222222222,0.0,42.857142857142854,1.5,4,2,2,72.49345794392522
S45G01N82,2024-2025,20241213,111,away,70,9,1,7,4,11,0,9,6,9,4,0,0,3,2,1,2,18,10,2,2,26,21,1,1,1,538,0,0,0,2,59.31372549019608,67.28778467908903,66.66666666666667,37,4.921259842519685,50.0,66.66666666666667,90.0,9.0,4,2,10,72.08921933085502,50,3,1,4,2,6,0,8,5,8,2,0,0,0,0,0,0,16,7,4,2,16,16,1,0,2,538,0,0,0,2,-59.31372549019608,50.0,50.0,16,11.11111111111111,22.22222222222222,0.0,42.857142857142854,1.5,4,2,2,72.08921933085502
S45G01N82,2024-2025,20241213,112,away,70,9,1,7,4,11,0,9,6,9,4,0,0,3,2,1,2,18,10,2,2,26,21,1,1,2,539,0,0,0,3,50.11547344110855,67.28778467908903,66.66666666666667,36,9.380863039399625,50.0,66.66666666666667,90.0,4.5,4,2,10,74.18181818181819,50,3,1,4,2,6,0,8,5,8,2,0,0,0,0,0,0,16,7,4,2,16,16,1,0,2,539,0,0,0,2,-50.11547344110855,50.0,50.0,16,11.11111111111111,22.22222222222222,0.0,42.857142857142854,1.5,4,2,2,74.18181818181819
S45G01N82,2024-2025,20241213,113,away,70,9,1,7,4,11,0,9,6,9,4,0,0,3,2,1,2,18,10,2,2,26,21,1,1,2,543,0,0,0,3,50.11547344110855,67.28778467908903,66.66666666666667,36,9.380863039399625,50.0,66.66666666666667,90.0,4.5,4,2,10,73.6353591160221,50,3,1,4,2,6,0,8,5,8,2,0,0,0,0,0,0,16,7,4,2,16,16,2,0,2,543,0,0,0,2,-50.11547344110855,50.0,50.0,17,11.11111111111111,22.22222222222222,0.0,42.857142857142854,1.5,4,2,2,73.6353591160221
S45G01N82,2024-2025,20241213,114,away,70,9,1,7,4,11,0,9,6,9,4,0,0,3,2,1,2,18,10,2,2,26,21,1,1,2,545,0,0,0,3,55.99782638228501,67.28778467908903,66.66666666666667,36,9.380863039399625,50.0,66.66666666666667,90.0,4.5,4,2,10,75.56697247706423,50,3,1,4,2,6,0,8,5,9,2,0,0,0,0,0,0,17,7,4,2,16,17,2,0,2,545,0,0,0,2,-55.99782638228501,47.05882352941177,47.05882352941177,16,10.526315789473685,22.22222222222222,0.0,42.857142857142854,1.5,4,2,2,75.56697247706423
S45G01N82,2024-2025,20241213,115,away,70,9,1,7,4,11,0,9,6,9,4,0,0,3,2,1,2,18,10,2,2,26,21,1,1,2,545,0,0,0,3,50.11547344110855,67.28778467908903,66.66666666666667,36,9.380863039399625,50.0,66.66666666666667,90.0,4.5,4,2,10,73.3651376146789,50,3,1,4,3,7,0,8,5,9,2,0,0,0,0,0,0,17,7,4,2,16,17,2,0,2,545,0,0,0,2,-50.11547344110855,47.05882352941177,47.05882352941177,17,10.526315789473685,30.0,0.0,42.857142857142854,1.5,4,2,2,73.3651376146789
S45G01N82,2024-2025,20241213,116,away,70,9,1,7,4,11,0,9,6,9,4,0,0,3,2,1,2,18,10,2,2,26,21,1,1,2,545,0,0,0,3,55.99782638228501,67.28778467908903,66.66666666666667,36,9.380863039399625,50.0,66.66666666666667,90.0,4.5,4,2,10,75.56697247706423,50,3,1,4,3,7,0,8,5,9,2,0,0,0,0,0,0,17,7,4,2,16,17,2,0,3,545,0,0,0,3,-55.99782638228501,47.05882352941177,47.05882352941177,16,15.0,30.0,0.0,42.857142857142854,1.0,4,2,2,75.56697247706423
S45G01N82,2024-2025,20241213,117,away,70,9,1,7,4,11,0,9,6,9,4,0,0,3,2,1,2,18,10,2,2,26,21,1,1,2,545,0,0,0,3,55.99782638228501,67.28778467908903,66.66666666666667,36,9.380863039399625,50.0,66.66666666666667,90.0,4.5,4,2,10,75.56697247706423,50,3,1,4,3,7,0,8,5,9,2,0,0,0,0,0,0,17,7,4,2,16,17,2,0,3,545,0,0,0,3,-55.99782638228501,47.05882352941177,47.05882352941177,16,15.0,30.0,0.0,42.857142857142854,1.0,4,2,2,75.56697247706423
S45G01N82,2024-2025,20241213,118,away,70,9,1,7,4,11,0,9,6,9,4,0,0,3,2,1,2,18,10,2,2,26,21,1,1,2,545,0,0,0,3,55.99782638228501,67.28778467908903,66.66666666666667,36,9.380863039399625,50.0,66.66666666666667,90.0,4.5,4,2,10,75.56697247706423,50,3,1,4,3,7,0,8,5,9,2,0,0,0,0,0,0,17,7,4,2,16,17,2,0,3,545,0,0,0,3,-55.99782638228501,47.05882352941177,47.05882352941177,16,15.0,30.0,0.0,42.857142857142854,1.0,4,2,2,75.56697247706423
S45G01N82,2024-2025,20241213,119,away,70,9,1,7,4,11,0,9,6,9,4,0,0,3,2,1,2,18,10,2,2,26,21,1,1,2,545,0,0,0,3,55.99782638228501,67.28778467908903,66.66666666666667,36,9.380863039399625,50.0,66.66666666666667,90.0,4.5,4,2,10,75.56697247706423,50,3,1,4,3,7,0,8,5,9,2,0,0,0,0,0,0,17,7,4,2,16,17,2,0,3,545,0,0,0,3,-55.99782638228501,47.05882352941177,47.05882352941177,16,15.0,30.0,0.0,42.857142857142854,1.0,4,2,2,75.56697247706423
S45G01N82,2024-2025,20241213,120,away,70,9,1,7,4,11,0,9,6,9,4,0,0,3,2,1,2,18,10,2,2,26,21,1,1,2,545,0,0,0,3,55.99782638228501,67.28778467908903,66.66666666666667,36,9.380863039399625,50.0,66.66666666666667,90.0,4.5,4,2,10,75.56697247706423,50,3,1,4,3,7,0,8,5,9,2,0,0,0,0,0,0,17,7,4,2,16,17,2,0,3,545,0,0,0,3,-55.99782638228501,47.05882352941177,47.05882352941177,16,15.0,30.0,0.0,42.857142857142854,1.0,4,2,2,75.56697247706423
S45G01N82,2024-2025,20241213,121,away,70,9,1,7,4,11,0,9,6,10,4,0,0,3,2,1,2,19,10,2,2,26,22,1,1,2,559,0,0,0,3,47.803750321089126,63.976377952755904,63.1578947368421,35,8.960573476702509,50.0,66.66666666666667,90.0,4.5,4,2,10,75.8211091234347,50,3,1,4,3,7,0,8,5,9,2,0,0,0,0,0,0,17,7,4,2,16,17,2,0,3,559,0,0,0,3,-47.803750321089126,47.05882352941177,47.05882352941177,16,15.0,30.0,0.0,42.857142857142854,1.0,4,2,2,75.8211091234347
S45G01N82,2024-2025,20241213,122,away,70,9,1,7,4,11,0,9,6,10,4,0,0,3,2,1,2,19,10,2,2,26,22,1,1,2,560,0,0,0,3,47.803750321089126,63.976377952755904,63.1578947368421,35,8.960573476702509,44.44444444444444,66.66666666666667,90.0,4.5,4,2,10,75.68571428571428,50,3,1,5,3,8,0,8,5,9,2,0,0,0,0,0,0,17,7,4,2,16,17,2,0,3,560,0,0,0,3,-47.803750321089126,47.05882352941177,47.05882352941177,17,15.0,30.0,0.0,42.857142857142854,1.0,4,2,2,75.68571428571428
S45G01N82,2024-2025,20241213,123,away,70,9,1,7,4,11,0,9,6,10,4,0,0,3,2,1,2,19,10,2,2,26,22,1,1,2,566,0,0,0,3,53.032508491023776,63.976377952755904,63.1578947368421,35,8.960573476702509,44.44444444444444,66.66666666666667,90.0,4.5,4,2,10,77.00353356890459,50,3,1,5,3,8,0,8,5,10,2,0,0,0,0,0,0,18,7,4,2,16,18,2,0,3,566,0,0,0,3,-53.032508491023776,44.44444444444444,44.44444444444444,16,14.285714285714286,30.0,0.0,42.857142857142854,1.0,4,2,2,77.00353356890459
S45G01N82,2024-2025,20241213,124,away,70,9,1,8,4,12,0,9,6,10,4,0,0,3,2,1,2,19,10,2,2,26,22,1,1,2,569,0,0,0,3,53.032508491023776,63.976377952755904,63.1578947368421,36,8.960573476702509,44.44444444444444,66.66666666666667,90.0,4.5,4,2,10,76.59753954305799,50,3,1,5,3,8,0,8,5,10,2,0,0,0,0,0,0,18,7,4,2,16,18,2,0,3,569,0,0,0,3,-53.032508491023776,44.44444444444444,44.44444444444444,16,14.285714285714286,27.272727272727273,0.0,42.857142857142854,1.0,4,2,2,76.59753954305799
S45G01N82,2024-2025,20241213,125,away,70,9,1,8,4,12,0,10,6,10,4,0,0,3,2,1,2,20,10,2,2,26,23,1,1,2,590,0,0,0,3,45.68668046928917,60.97560975609756,60.0,35,8.576329331046312,44.44444444444444,66.66666666666667,90.0,4.5,4,2,10,75.90508474576271,50,3,1,5,3,8,0,8,5,10,2,0,0,0,0,0,0,18,7,4,2,16,18,2,0,3,590,0,0,0,3,-45.68668046928917,44.44444444444444,44.44444444444444,16,14.285714285714286,27.272727272727273,0.0,42.857142857142854,1.0,4,2,2,75.90508474576271
S45G01N82,2024-2025,20241213,126,away,70,9,1,8,4,12,0,10,6,10,4,0,0,3,2,1,2,20,10,2,2,26,23,1,1,2,592,0,0,0,3,45.68668046928917,60.97560975609756,60.0,35,8.576329331046312,40.0,66.66666666666667,90.0,4.5,4,2,10,75.64864864864866,50,3,1,6,3,9,0,8,5,10,2,0,0,0,0,0,0,18,7,4,2,16,18,2,0,3,592,0,0,0,3,-45.68668046928917,44.44444444444444,44.44444444444444,17,14.285714285714286,27.272727272727273,0.0,42.857142857142854,1.0,4,2,2,75.64864864864866
S45G01N82,2024-2025,20241213,127,away,70,9,1,8,4,12,0,10,6,10,4,0,0,3,2,1,2,20,10,3,3,26,23,1,1,2,593,0,0,0,3,45.68668046928917,60.97560975609756,60.0,35,8.576329331046312,40.0,66.66666666666667,90.0,4.5,4,2,10,75.52107925801012,50,3,1,6,3,9,0,8,5,10,2,0,0,0,0,0,0,18,7,4,2,16,18,2,0,3,593,0,0,0,3,-45.68668046928917,44.44444444444444,44.44444444444444,17,14.285714285714286,27.272727272727273,0.0,42.857142857142854,1.0,4,2,2,75.52107925801012
S45G01N82,2024-2025,20241213,128,away,70,9,1,8,4,12,0,10,6,10,4,0,0,3,2,1,2,20,10,3,3,26,23,1,1,2,593,0,0,0,3,45.68668046928917,60.97560975609756,60.0,35,8.576329331046312,40.0,66.66666666666667,90.0,4.5,4,2,10,75.52107925801012,50,3,1,6,3,9,0,8,5,10,2,0,0,0,0,0,0,18,7,4,2,16,18,2,0,3,593,0,0,0,3,-45.68668046928917,44.44444444444444,44.44444444444444,17,14.285714285714286,27.272727272727273,0.0,42.857142857142854,1.0,4,2,2,75.52107925801012
S45G01N82,2024-2025,20241213,129,away,70,9,1,8,4,12,0,10,6,10,4,0,0,3,2,1,2,20,10,3,3,26,23,1,1,2,599,0,0,0,3,50.36504304238858,60.97560975609756,60.0,35,8.576329331046312,40.0,66.66666666666667,90.0,4.5,4,2,10,76.76794657762939,50,3,1,6,3,9,0,9,5,10,2,0,0,0,0,0,0,19,7,4,2,16,19,2,0,3,599,0,0,0,3,-50.36504304238858,42.10526315789474,42.10526315789474,16,13.636363636363637,27.272727272727273,0.0,42.857142857142854,1.0,4,2,2,76.76794657762939
S45G01N82,2024-2025,20241213,130,away,70,9,1,9,4,13,0,10,6,10,4,0,0,3,2,1,2,20,10,3,3,26,23,1,1,2,599,0,0,0,3,50.36504304238858,60.97560975609756,60.0,36,8.576329331046312,40.0,66.66666666666667,90.0,4.5,4,2,10,76.76794657762939,50,3,1,6,3,9,0,9,5,10,2,0,0,0,0,0,0,19,7,4,2,16,19,2,0,3,599,0,0,0,3,-50.36504304238858,42.10526315789474,42.10526315789474,16,13.636363636363637,25.0,0.0,42.857142857142854,1.0,4,2,2,76.76794657762939
S45G01N82,2024-2025,20241213,131,away,70,9,1,9,4,13,0,10,6,10,4,0,0,3,2,1,2,20,10,3,3,26,23,1,1,2,599,0,0,0,3,50.36504304238858,60.97560975609756,60.0,36,8.576329331046312,40.0,66.66666666666667,90.0,4.5,4,2,10,76.76794657762939,50,3,1,6,3,9,0,9,5,10,2,0,0,0,0,0,0,19,7,4,2,16,19,2,0,3,599,0,0,0,3,-50.36504304238858,42.10526315789474,42.10526315789474,16,13.636363636363637,25.0,0.0,42.857142857142854,1.0,4,2,2,76.76794657762939
S45G01N82,2024-2025,20241213,132,away,70,9,1,9,4,13,0,10,6,10,4,0,0,3,2,1,2,20,10,3,3,26,23,1,1,2,600,0,0,0,3,50.36504304238858,60.97560975609756,60.0,36,8.576329331046312,40.0,66.66666666666667,90.0,4.5,4,2,10,76.64,50,3,1,6,3,9,0,9,5,10,2,0,0,0,0,0,0,19,7,4,2,16,19,2,0,3,600,0,0,0,3,-50.36504304238858,42.10526315789474,42.10526315789474,16,13.636363636363637,25.0,0.0,42.857142857142854,1.0,4,2,2,76.64
S45G01N82,2024-2025,20241213,133,away,70,9,1,9,4,13,0,10,6,10,4,0,0,3,2,1,2,20,10,3,3,26,23,1,1,2,600,0,0,0,3,50.36504304238858,60.97560975609756,60.0,36,8.576329331046312,40.0,66.66666666666667,90.0,4.5,4,2,10,76.64,50,3,1,6,3,9,0,9,5,10,2,0,0,0,0,0,0,19,7,4,2,16,19,2,0,3,600,0,0,0,3,-50.36504304238858,42.10526315789474,42.10526315789474,16,13.636363636363637,25.0,0.0,42.857142857142854,1.0,4,2,2,76.64
S45G01N82,2024-2025,20241213,134,away,70,9,1,9,4,13,0,10,6,10,4,0,0,3,2,1,2,20,10,3,3,26,23,1,1,2,600,0,0,0,3,50.36504304238858,60.97560975609756,60.0,36,8.576329331046312,40.0,66.66666666666667,90.0,4.5,4,2,10,76.64,50,3,1,6,3,9,0,9,5,10,2,0,0,0,0,0,0,19,7,4,2,16,19,2,0,3,600,0,0,0,3,-50.36504304238858,42.10526315789474,42.10526315789474,16,13.636363636363637,25.0,0.0,42.857142857142854,1.0,4,2,2,76.64
S45G01N82,2024-2025,20241213,135,away,70,9,1,9,4,13,0,10,6,10,4,0,0,3,2,1,2,20,10,3,3,26,23,1,1,2,600,0,0,0,3,50.36504304238858,60.97560975609756,60.0,36,8.576329331046312,40.0,66.66666666666667,90.0,4.5,4,2,10,76.64,50,3,1,6,3,9,0,9,5,10,2,0,0,0,0,0,0,19,7,4,2,16,19,2,0,3,600,0,0,0,3,-50.36504304238858,42.10526315789474,42.10526315789474,16,13.636363636363637,25.0,0.0,42.857142857142854,1.0,4,2,2,76.64
S45G01N82,2024-2025,20241213,136,away,70,9,1,9,4,13,0,10,6,10,4,0,0,3,2,1,2,20,10,3,3,26,23,1,1,2,600,0,0,0,3,50.36504304238858,60.97560975609756,60.0,36,8.576329331046312,40.0,66.66666666666667,90.0,4.5,4,2,10,76.64,50,3,1,6,3,9,0,9,5,10,2,0,0,0,0,0,0,19,7,4,2,16,19,2,0,3,600,0,0,0,3,-50.36504304238858,42.10526315789474,42.10526315789474,16,13.636363636363637,25.0,0.0,42.857142857142854,1.0,4,2,2,76.64
S45G01N82,2024-2025,20241213,137,away,70,9,1,9,4,13,0,10,6,10,4,0,0,3,2,1,2,20,10,3,3,26,23,1,1,2,600,0,0,0,3,50.36504304238858,60.97560975609756,60.0,36,8.576329331046312,40.0,66.66666666666667,90.0,4.5,4,2,10,76.64,50,3,1,6,3,9,0,9,5,10,2,0,0,0,0,0,0,19,7,4,2,16,19,2,0,3,600,0,0,0,3,-50.36504304238858,42.10526315789474,42.10526315789474,16,13.636363636363637,25.0,0.0,42.857142857142854,1.0,4,2,2,76.64
S45G01N82,2024-2025,20241213,138,away,70,9,1,9,4,13,0,10,6,10,4,0,0,3,2,1,2,20,10,3,3,26,23,1,1,2,600,0,0,0,3,50.36504304238858,60.97560975609756,60.0,36,8.576329331046312,40.0,66.66666666666667,90.0,4.5,4,2,10,76.64,50,3,1,6,3,9,0,9,5,10,2,0,0,0,0,0,0,19,7,4,2,16,19,2,0,3,600,0,0,0,3,-50.36504304238858,42.10526315789474,42.10526315789474,16,13.636363636363637,25.0,0.0,42.857142857142854,1.0,4,2,2,76.64
S45G01N82,2024-2025,20241213,139,away,70,9,1,9,4,13,0,10,6,10,4,0,0,3,2,1,2,20,10,3,3,26,23,1,1,2,600,0,0,0,3,50.36504304238858,60.97560975609756,60.0,36,8.576329331046312,40.0,66.66666666666667,90.0,4.5,4,2,10,76.64,50,3,1,6,3,9,0,9,5,10,2,0,0,0,0,0,0,19,7,4,2,16,19,2,0,3,600,0,0,0,3,-50.36504304238858,42.10526315789474,42.10526315789474,16,13.636363636363637,25.0,0.0,42.857142857142854,1.0,4,2,2,76.64
S45G01N82,2024-2025,20241213,140,away,70,9,1,9,4,13,0,10,6,10,4,0,0,3,2,1,2,20,10,3,3,26,23,1,1,2,600,0,0,0,3,50.36504304238858,60.97560975609756,60.0,36,8.576329331046312,40.0,66.66666666666667,90.0,4.5,4,2,10,76.64,50,3,1,6,3,9,0,9,5,10,2,0,0,0,0,0,0,19,7,4,2,16,19,2,0,3,600,0,0,0,3,-50.36504304238858,42.10526315789474,42.10526315789474,16,13.636363636363637,25.0,0.0,42.857142857142854,1.0,4,2,2,76.64
S45G01N82,2024-2025,20241213,141,away,70,9,1,9,4,13,0,10,6,10,4,0,0,3,2,1,2,20,10,3,3,26,23,1,1,2,600,0,0,0,3,50.36504304238858,60.97560975609756,60.0,36,8.576329331046312,40.0,66.66666666666667,90.0,4.5,4,2,10,76.64,50,3,1,6,3,9,0,9,5,10,2,0,0,0,0,0,0,19,7,4,2,16,19,2,0,3,600,0,0,0,3,-50.36504304238858,42.10526315789474,42.10526315789474,16,13.636363636363637,25.0,0.0,42.857142857142854,1.0,4,2,2,76.64
S45G01N82,2024-2025,20241213,142,away,70,9,1,9,4,13,0,10,6,10,4,0,0,3,2,1,2,20,10,3,3,26,23,1,1,2,600,0,0,0,3,50.36504304238858,60.97560975609756,60.0,36,8.576329331046312,40.0,66.66666666666667,90.0,4.5,4,2,10,76.64,50,3,1,6,3,9,0,9,5,10,2,0,0,0,0,0,0,19,7,4,2,16,19,2,0,3,600,0,0,0,3,-50.36504304238858,42.10526315789474,42.10526315789474,16,13.636363636363637,25.0,0.0,42.857142857142854,1.0,4,2,2,76.64
S45G01N82,2024-2025,20241213,143,away,70,9,1,9,4,13,0,10,6,10,4,0,0,3,2,1,2,20,10,3,3,26,23,1,1,2,600,0,0,0,3,50.36504304238858,60.97560975609756,60.0,36,8.576329331046312,40.0,66.66666666666667,90.0,4.5,4,2,10,76.64,50,3,1,6,3,9,0,9,5,10,2,0,0,0,0,0,0,19,7,4,2,16,19,2,0,3,600,0,0,0,3,-50.36504304238858,42.10526315789474,42.10526315789474,16,13.636363636363637,25.0,0.0,42.857142857142854,1.0,4,2,2,76.64
S45G01N82,2024-2025,20241213,144,away,70,9,1,9,4,13,0,10,6,10,4,0,0,3,2,1,2,20,10,3,3,26,23,1,1,2,600,0,0,0,3,50.36504304238858,60.97560975609756,60.0,36,8.576329331046312,40.0,66.66666666666667,90.0,4.5,4,2,10,76.64,50,3,1,6,3,9,0,9,5,10,2,0,0,0,0,0,0,19,7,4,2,16,19,2,0,3,600,0,0,0,3,-50.36504304238858,42.10526315789474,42.10526315789474,16,13.636363636363637,25.0,0.0,42.857142857142854,1.0,4,2,2,76.64
S45G01N82,2024-2025,20241213,145,away,70,9,1,9,4,13,0,10,6,10,4,0,0,3,2,1,2,20,10,3,3,26,23,1,1,2,600,0,0,0,3,50.36504304238858,60.97560975609756,60.0,36,8.576329331046312,40.0,66.66666666666667,90.0,4.5,4,2,10,76.64,50,3,1,6,3,9,0,9,5,10,2,0,0,0,0,0,0,19,7,4,2,16,19,2,0,3,600,0,0,0,3,-50.36504304238858,42.10526315789474,42.10526315789474,16,13.636363636363637,25.0,0.0,42.857142857142854,1.0,4,2,2,76.64
S45G01N82,2024-2025,20241213,146,away,70,9,1,9,4,13,0,10,6,10,4,0,0,3,2,1,2,20,10,3,3,26,23,1,1,2,600,0,0,0,3,50.36504304238858,60.97560975609756,60.0,36,8.576329331046312,40.0,66.66666666666667,90.0,4.5,4,2,10,76.64,50,3,1,6,3,9,0,9,5,10,2,0,0,0,0,0,0,19,7,4,2,16,19,2,0,3,600,0,0,0,3,-50.36504304238858,42.10526315789474,42.10526315789474,16,13.636363636363637,25.0,0.0,42.857142857142854,1.0,4,2,2,76.64
S45G01N82,2024-2025,20241213,147,away,70,9,1,9,4,13,0,10,6,10,4,0,0,3,2,1,2,20,10,3,3,26,23,1,1,2,600,0,0,0,3,50.36504304238858,60.97560975609756,60.0,36,8.576329331046312,40.0,66.66666666666667,90.0,4.5,4,2,10,76.64,50,3,1,6,3,9,0,9,5,10,2,0,0,0,0,0,0,19,7,4,2,16,19,2,0,3,600,0,0,0,3,-50.36504304238858,42.10526315789474,42.10526315789474,16,13.636363636363637,25.0,0.0,42.857142857142854,1.0,4,2,2,76.64
S45G01N82,2024-2025,20241213,148,away,70,9,1,9,4,13,0,10,6,10,4,0,0,3,2,1,2,20,10,3,3,26,23,1,1,2,600,0,0,0,3,50.36504304238858,60.97560975609756,60.0,36,8.576329331046312,40.0,66.66666666666667,90.0,4.5,4,2,10,76.64,50,3,1,6,3,9,0,9,5,10,2,0,0,0,0,0,0,19,7,4,2,16,19,2,0,3,600,0,0,0,3,-50.36504304238858,42.10526315789474,42.10526315789474,16,13.636363636363637,25.0,0.0,42.857142857142854,1.0,4,2,2,76.64
S45G01N82,2024-2025,20241213,149,away,70,9,1,9,4,13,0,10,6,10,4,0,0,3,2,1,2,20,10,3,3,26,23,1,1,2,600,0,0,0,3,50.36504304238858,60.97560975609756,60.0,36,8.576329331046312,40.0,66.66666666666667,90.0,4.5,4,2,10,76.64,50,3,1,6,3,9,0,9,5,10,2,0,0,0,0,0,0,19,7,4,2,16,19,2,0,3,600,0,0,0,3,-50.36504304238858,42.10526315789474,42.10526315789474,16,13.636363636363637,25.0,0.0,42.857142857142854,1.0,4,2,2,76.64
S45G01N82,2024-2025,20241213,150,away,70,9,1,9,4,13,0,10,6,10,4,0,0,3,2,1,2,20,10,3,3,26,23,1,1,2,600,0,0,0,3,50.36504304238858,60.97560975609756,60.0,36,8.576329331046312,40.0,66.66666666666667,90.0,4.5,4,2,10,76.64,50,3,1,6,3,9,0,9,5,10,2,0,0,0,0,0,0,19,7,4,2,16,19,2,0,3,600,0,0,0,3,-50.36504304238858,42.10526315789474,42.10526315789474,16,13.636363636363637,25.0,0.0,42.857142857142854,1.0,4,2,2,76.64
S45G01N82,2024-2025,20241213,151,away,70,9,1,9,4,13,0,10,6,10,4,0,0,3,2,1,2,20,10,3,3,26,23,1,1,2,600,0,0,0,3,50.36504304238858,60.97560975609756,60.0,36,8.576329331046312,40.0,66.66666666666667,90.0,4.5,4,2,10,76.64,50,3,1,6,3,9,0,9,5,10,2,0,0,0,0,0,0,19,7,4,2,16,19,2,0,3,600,0,0,0,3,-50.36504304238858,42.10526315789474,42.10526315789474,16,13.636363636363637,25.0,0.0,42.857142857142854,1.0,4,2,2,76.64
S45G01N82,2024-2025,20241213,152,away,70,9,1,9,4,13,0,10,6,10,4,0,0,3,2,1,2,20,10,3,3,26,23,1,1,2,600,0,0,0,3,50.36504304238858,60.97560975609756,60.0,36,8.576329331046312,40.0,66.66666666666667,90.0,4.5,4,2,10,76.64,50,3,1,6,3,9,0,9,5,10,2,0,0,0,0,0,0,19,7,4,2,16,19,2,0,3,600,0,0,0,3,-50.36504304238858,42.10526315789474,42.10526315789474,16,13.636363636363637,25.0,0.0,42.857142857142854,1.0,4,2,2,76.64
S45G01N82,2024-2025,20241213,153,away,70,9,1,9,4,13,0,10,6,10,4,0,0,3,2,1,2,20,10,3,3,26,23,1,1,2,600,0,0,0,3,50.36504304238858,60.97560975609756,60.0,36,8.576329331046312,40.0,66.66666666666667,90.0,4.5,4,2,10,76.64,50,3,1,6,3,9,0,9,5,10,2,0,0,0,0,0,0,19,7,4,2,16,19,2,0,3,600,0,0,0,3,-50.36504304238858,42.10526315789474,42.10526315789474,16,13.636363636363637,25.0,0.0,42.857142857142854,1.0,4,2,2,76.64
S45G01N82,2024-2025,20241213,154,away,70,9,1,9,4,13,0,10,6,10,4,0,0,3,2,1,2,20,10,3,3,26,23,1,1,2,600,0,0,0,3,50.36504304238858,60.97560975609756,60.0,36,8.576329331046312,40.0,66.66666666666667,90.0,4.5,4,2,10,76.64,50,3,1,6,3,9,0,9,5,10,2,0,0,0,0,0,0,19,7,4,2,16,19,2,0,3,600,0,0,0,3,-50.36504304238858,42.10526315789474,42.10526315789474,16,13.636363636363637,25.0,0.0,42.857142857142854,1.0,4,2,2,76.64
S45G01N82,2024-2025,20241213,155,away,70,9,1,9,4,13,0,10,6,10,4,0,0,3,2,1,2,20,10,3,3,26,23,1,1,2,617,0,0,0,3,54.57556935817806,60.97560975609756,60.0,36,8.576329331046312,40.0,66.66666666666667,90.0,4.5,4,2,10,76.47325769854133,50,3,1,6,3,9,0,10,5,10,2,0,0,0,0,0,0,20,7,4,2,16,20,2,0,3,617,0,0,0,3,-54.57556935817806,40.0,40.0,15,13.043478260869565,25.0,0.0,42.857142857142854,1.0,4,2,2,76.47325769854133
S45G01N82,2024-2025,20241213,156,away,70,9,1,10,4,14,0,10,6,10,4,0,0,3,2,1,2,20,10,3,3,26,23,1,1,2,619,0,0,0,3,54.57556935817806,60.97560975609756,60.0,37,8.576329331046312,40.0,66.66666666666667,90.0,4.5,4,2,10,76.22617124394185,50,3,1,6,3,9,0,10,5,10,2,0,0,0,0,0,0,20,7,4,2,16,20,2,0,3,619,0,0,0,3,-54.57556935817806,40.0,40.0,15,13.043478260869565,23.076923076923077,0.0,42.857142857142854,1.0,4,2,2,76.22617124394185
S45G01N82,2024-2025,20241213,157,away,70,9,1,10,4,14,0,11,7,10,4,0,0,3,2,1,2,21,11,3,3,28,24,1,1,2,637,0,0,0,3,57.79527559055117,62.72401433691756,61.904761904761905,39,8.223684210526315,40.0,66.66666666666667,81.81818181818181,4.5,6,2,12,75.95604395604396,50,3,1,6,3,9,0,10,5,10,2,0,0,0,0,0,0,20,7,4,2,16,20,2,0,3,637,0,0,0,3,-57.79527559055117,40.0,40.0,15,13.043478260869565,23.076923076923077,0.0,42.857142857142854,1.0,6,2,2,75.95604395604396
S45G01N82,2024-2025,20241213,158,away,70,10,1,10,4,14,0,11,7,10,4,0,0,3,2,1,2,21,11,3,3,28,24,1,1,2,637,0,0,0,3,57.79527559055117,62.72401433691756,61.904761904761905,40,8.223684210526315,40.0,66.66666666666667,90.9090909090909,5.0,6,2,12,75.95604395604396,50,3,1,6,3,9,0,10,5,10,2,0,0,0,0,0,0,20,7,4,2,16,20,2,0,3,637,0,0,0,3,-57.79527559055117,40.0,40.0,15,13.043478260869565,23.076923076923077,0.0,42.857142857142854,1.0,6,2,2,75.95604395604396
S45G01N82,2024-2025,20241213,159,away,70,10,1,10,4,14,0,11,7,10,4,0,0,3,2,1,2,21,11,3,3,28,24,1,1,2,662,0,0,0,3,61.60479940007498,62.72401433691756,61.904761904761905,40,8.223684210526315,40.0,66.66666666666667,90.9090909090909,5.0,6,2,12,74.90030211480362,50,3,1,6,3,9,0,11,5,10,2,0,0,0,0,0,0,21,7,4,2,16,21,2,0,3,662,0,0,0,3,-61.60479940007498,38.095238095238095,38.095238095238095,14,12.5,23.076923076923077,0.0,42.857142857142854,1.0,6,2,2,74.90030211480362
S45G01N82,2024-2025,20241213,160,away,70,10,1,11,4,15,0,11,7,10,4,0,0,3,2,1,2,21,11,3,3,28,24,1,1,2,663,0,0,0,3,61.60479940007498,62.72401433691756,61.904761904761905,41,8.223684210526315,40.0,66.66666666666667,90.9090909090909,5.0,6,2,12,74.78733031674209,50,3,1,6,3,9,0,11,5,10,2,0,0,0,0,0,0,21,7,4,2,16,21,2,0,3,663,0,0,0,3,-61.60479940007498,38.095238095238095,38.095238095238095,14,12.5,21.428571428571427,0.0,42.857142857142854,1.0,6,2,2,74.78733031674209
S45G01N82,2024-2025,20241213,161,away,70,10,1,11,4,15,0,11,7,10,4,0,0,3,2,1,2,21,11,3,3,28,24,1,1,2,666,0,0,0,3,61.60479940007498,62.72401433691756,61.904761904761905,41,8.223684210526315,40.0,66.66666666666667,90.9090909090909,5.0,6,2,12,74.45045045045045,50,3,1,6,3,9,0,11,5,10,2,0,0,0,0,0,0,21,7,5,3,16,21,2,0,3,666,0,0,0,3,-61.60479940007498,38.095238095238095,38.095238095238095,14,12.5,21.428571428571427,0.0,42.857142857142854,1.0,6,2,2,74.45045045045045
S45G01N82,2024-2025,20241213,162,away,70,10,1,11,4,15,0,11,7,10,4,0,0,3,2,1,2,21,11,3,3,28,24,1,1,2,666,0,0,0,3,61.60479940007498,62.72401433691756,61.904761904761905,41,8.223684210526315,40.0,66.66666666666667,90.9090909090909,5.0,6,2,12,74.45045045045045,50,3,1,6,3,9,0,11,5,10,2,0,0,0,0,0,0,21,7,5,3,16,21,2,0,3,666,0,0,0,3,-61.60479940007498,38.095238095238095,38.095238095238095,14,12.5,21.428571428571427,0.0,42.857142857142854,1.0,6,2,2,74.45045045045045
S45G01N82,2024-2025,20241213,163,away,70,10,1,11,4,15,0,11,7,10,4,0,0,3,2,1,2,21,11,3,3,28,24,1,1,2,666,0,0,0,3,61.60479940007498,62.72401433691756,61.904761904761905,41,8.223684210526315,40.0,66.66666666666667,90.9090909090909,5.0,6,2,12,74.45045045045045,50,3,1,6,3,9,0,11,5,10,2,0,0,0,0,0,0,21,7,5,3,16,21,2,0,3,666,0,0,0,3,-61.60479940007498,38.095238095238095,38.095238095238095,14,12.5,21.428571428571427,0.0,42.857142857142854,1.0,6,2,2,74.45045045045045
S45G01N82,2024-2025,20241213,164,away,70,10,1,11,4,15,0,11,7,10,4,0,0,3,2,1,2,21,11,3,3,28,24,1,1,2,666,0,0,0,3,61.60479940007498,62.72401433691756,61.904761904761905,41,8.223684210526315,40.0,66.66666666666667,90.9090909090909,5.0,6,2,12,74.45045045045045,50,3,1,6,3,9,0,11,5,10,2,0,0,0,0,0,0,21,7,5,3,16,21,2,0,3,666,0,0,0,3,-61.60479940007498,38.095238095238095,38.095238095238095,14,12.5,21.428571428571427,0.0,42.857142857142854,1.0,6,2,2,74.45045045045045
S45G01N82,2024-2025,20241213,165,away,70,10,1,11,4,15,0,11,7,11,4,0,0,3,2,1,2,22,11,3,3,28,25,1,1,2,682,0,0,0,3,55.14160636111855,60.03430531732418,59.09090909090909,40,7.898894154818326,40.0,66.66666666666667,90.9090909090909,5.0,6,2,12,74.4633431085044,50,3,1,6,3,9,0,11,5,10,2,0,0,0,0,0,0,21,7,5,3,16,21,2,0,3,682,0,0,0,3,-55.14160636111855,38.095238095238095,38.095238095238095,14,12.5,21.428571428571427,0.0,42.857142857142854,1.0,6,2,2,74.4633431085044
S45G01N82,2024-2025,20241213,166,away,70,10,1,11,4,15,0,11,7,11,4,0,0,3,2,1,2,22,11,3,3,28,25,1,1,2,687,0,0,0,3,55.14160636111855,60.03430531732418,59.09090909090909,40,7.898894154818326,36.36363636363637,66.66666666666667,90.9090909090909,5.0,6,2,12,73.92139737991266,50,3,1,7,3,10,0,11,5,10,2,0,0,0,0,0,0,21,7,5,3,16,21,2,0,3,687,0,0,0,3,-55.14160636111855,38.095238095238095,38.095238095238095,15,12.5,21.428571428571427,0.0,42.857142857142854,1.0,6,2,2,73.92139737991266
S45G01N82,2024-2025,20241213,167,away,70,10,1,11,4,15,0,11,7,11,4,0,0,3,2,1,2,22,11,3,3,28,25,1,1,2,692,0,0,0,3,58.604809824322004,60.03430531732418,59.09090909090909,40,7.898894154818326,36.36363636363637,66.66666666666667,90.9090909090909,5.0,6,2,12,75.121387283237,50,3,1,7,3,10,0,11,5,11,2,0,0,0,0,0,0,22,7,5,3,16,22,2,0,3,692,0,0,0,3,-58.604809824322004,36.36363636363637,36.36363636363637,14,12.0,21.428571428571427,0.0,42.857142857142854,1.0,6,2,2,75.121387283237
S45G01N82,2024-2025,20241213,168,away,70,10,1,11,4,15,0,11,7,11,4,0,0,3,2,1,2,22,11,3,3,28,25,1,1,2,695,0,0,0,3,55.14160636111855,60.03430531732418,59.09090909090909,40,7.898894154818326,36.36363636363637,66.66666666666667,90.9090909090909,5.0,6,2,12,73.0705035971223,50,3,1,7,4,11,0,11,5,11,2,0,0,0,0,0,0,22,7,5,3,16,22,2,0,3,695,0,0,0,3,-55.14160636111855,36.36363636363637,36.36363636363637,15,12.0,26.666666666666668,0.0,42.857142857142854,1.0,6,2,2,73.0705035971223
S45G01N82,2024-2025,20241213,169,away,70,10,1,11,4,15,0,11,7,11,4,0,0,3,2,1,2,22,11,4,3,28,25,1,1,2,702,0,0,0,3,55.14160636111855,60.03430531732418,59.09090909090909,40,7.898894154818326,36.36363636363637,66.66666666666667,90.9090909090909,5.0,6,2,12,72.34188034188034,50,3,1,7,4,11,0,11,5,11,2,0,0,0,0,0,0,22,7,5,3,16,22,2,0,3,702,0,0,0,3,-55.14160636111855,36.36363636363637,36.36363636363637,15,12.0,26.666666666666668,0.0,42.857142857142854,1.0,6,2,2,72.34188034188034
S45G01N82,2024-2025,20241213,170,away,70,10,1,11,4,15,0,11,7,11,4,0,0,3,2,1,2,22,11,4,3,28,25,1,1,2,702,0,0,0,3,55.14160636111855,60.03430531732418,59.09090909090909,40,7.898894154818326,36.36363636363637,66.66666666666667,90.9090909090909,5.0,6,2,12,72.34188034188034,50,3,1,7,4,11,0,11,5,11,2,0,0,0,0,0,0,22,7,5,3,16,22,2,0,3,702,0,0,0,3,-55.14160636111855,36.36363636363637,36.36363636363637,15,12.0,26.666666666666668,0.0,42.857142857142854,1.0,6,2,2,72.34188034188034
S45G01N82,2024-2025,20241213,171,away,70,10,1,11,4,15,0,11,7,11,4,0,0,3,2,1,2,22,11,4,3,28,25,1,1,2,702,0,0,0,3,52.041037775475345,60.03430531732418,59.09090909090909,40,7.898894154818326,36.36363636363637,66.66666666666667,90.9090909090909,5.0,1,2,12,73.0940170940171,50,3,1,7,4,11,0,11,5,11,2,0,0,1,1,0,0,22,7,5,3,17,23,2,0,3,702,0,0,0,3,-52.041037775475345,37.878787878787875,36.36363636363637,16,11.79245283018868,26.666666666666668,100.0,42.857142857142854,1.0,1,2,2,73.0940170940171
S45G01N82,2024-2025,20241213,172,away,70,10,1,11,4,15,0,11,7,11,4,0,0,3,2,1,2,22,11,4,3,28,25,1,1,2,702,0,0,0,3,49.06517213111941,60.03430531732418,59.09090909090909,40,7.898894154818326,36.36363636363637,66.66666666666667,90.9090909090909,5.0,2,2,12,73.84615384615385,50,3,1,7,4,11,0,11,5,11,2,0,0,2,2,0,0,22,7,5,3,18,24,2,0,3,702,0,0,0,3,-49.06517213111941,39.33566433566434,36.36363636363637,17,11.591962905718702,26.666666666666668,100.0,42.857142857142854,1.0,2,2,2,73.84615384615385
S45G01N82,2024-2025,20241213,173,away,70,10,1,11,4,15,0,11,7,11,4,0,0,3,2,1,2,22,11,4,3,28,25,1,2,2,728,0,0,0,4,49.06517213111941,60.03430531732418,59.09090909090909,39,7.898894154818326,36.36363636363637,66.66666666666667,90.9090909090909,5.0,2,2,12,71.20879120879121,50,3,1,7,4,11,0,11,5,11,2,0,0,2,2,0,0,22,7,5,3,18,24,2,0,3,728,0,0,0,3,-49.06517213111941,39.33566433566434,36.36363636363637,17,11.591962905718702,26.666666666666668,100.0,42.857142857142854,1.0,2,2,2,71.20879120879121
S45G01N82,2024-2025,20241213,174,away,70,10,1,11,4,15,0,11,7,11,4,0,0,3,2,1,2,22,11,5,4,28,25,1,2,2,740,0,0,0,4,49.06517213111941,60.03430531732418,59.09090909090909,39,7.898894154818326,36.36363636363637,66.66666666666667,90.9090909090909,5.0,2,2,12,70.05405405405406,50,3,1,7,4,11,0,11,5,11,2,0,0,2,2,0,0,22,7,5,3,18,24,2,0,3,740,0,0,0,3,-49.06517213111941,39.33566433566434,36.36363636363637,17,11.591962905718702,26.666666666666668,100.0,42.857142857142854,1.0,2,2,2,70.05405405405406
S45G01N82,2024-2025,20241213,175,away,70,10,1,11,4,15,0,11,7,11,4,0,0,3,2,1,2,22,11,5,4,28,25,1,2,2,740,0,0,0,4,49.06517213111941,60.03430531732418,59.09090909090909,39,7.898894154818326,36.36363636363637,66.66666666666667,90.9090909090909,5.0,2,2,12,70.05405405405406,50,3,1,7,4,11,0,11,5,11,2,0,0,2,2,0,0,22,7,5,3,18,24,2,0,3,740,0,0,0,3,-49.06517213111941,39.33566433566434,36.36363636363637,17,11.591962905718702,26.666666666666668,100.0,42.857142857142854,1.0,2,2,2,70.05405405405406
S45G01N82,2024-2025,20241213,176,away,70,10,1,11,4,15,0,11,7,11,4,0,0,3,2,1,2,22,11,5,4,28,25,1,2,2,740,0,0,0,4,49.06517213111941,60.03430531732418,59.09090909090909,39,7.898894154818326,36.36363636363637,66.66666666666667,90.9090909090909,5.0,2,2,12,70.05405405405406,50,3,1,7,4,11,0,11,5,11,2,0,0,2,2,0,0,22,7,5,3,18,24,2,0,3,740,0,0,0,3,-49.06517213111941,39.33566433566434,36.36363636363637,17,11.591962905718702,26.666666666666668,100.0,42.857142857142854,1.0,2,2,2,70.05405405405406
S45G01N82,2024-2025,20241213,177,away,70,10,1,11,4,15,0,11,7,11,4,0,0,3,2,1,2,22,11,5,4,28,25,1,2,2,740,0,0,0,4,49.06517213111941,60.03430531732418,59.09090909090909,39,7.898894154818326,36.36363636363637,66.66666666666667,90.9090909090909,5.0,2,2,12,70.05405405405406,50,3,1,7,4,11,0,11,5,11,2,0,0,2,2,0,0,22,7,5,3,18,24,2,0,3,740,0,0,0,3,-49.06517213111941,39.33566433566434,36.36363636363637,17,11.591962905718702,26.666666666666668,100.0,42.857142857142854,1.0,2,2,2,70.05405405405406
S45G01N82,2024-2025,20241213,178,away,70,10,1,11,4,15,0,11,7,11,4,0,0,3,2,1,2,22,11,5,4,28,25,1,2,2,740,0,0,0,4,49.06517213111941,60.03430531732418,59.09090909090909,39,7.898894154818326,36.36363636363637,66.66666666666667,90.9090909090909,5.0,2,2,12,70.05405405405406,50,3,1,7,4,11,0,11,5,11,2,0,0,2,2,0,0,22,7,5,3,18,24,2,0,3,740,0,0,0,3,-49.06517213111941,39.33566433566434,36.36363636363637,17,11.591962905718702,26.666666666666668,100.0,42.857142857142854,1.0,2,2,2,70.05405405405406
S45G01N82,2024-2025,20241213,179,away,70,10,1,11,4,15,0,11,7,11,4,0,0,3,2,1,2,22,11,5,4,28,25,1,2,2,740,0,0,0,4,49.06517213111941,60.03430531732418,59.09090909090909,39,7.898894154818326,36.36363636363637,66.66666666666667,90.9090909090909,5.0,2,2,12,70.05405405405406,50,3,1,7,4,11,0,11,5,11,2,0,0,2,2,0,0,22,7,5,3,18,24,2,0,3,740,0,0,0,3,-49.06517213111941,39.33566433566434,36.36363636363637,17,11.591962905718702,26.666666666666668,100.0,42.857142857142854,1.0,2,2,2,70.05405405405406
S45G01N82,2024-2025,20241213,180,away,70,10,1,11,4,15,0,11,7,11,4,0,0,3,2,1,2,22,11,5,4,28,25,1,2,2,752,0,0,0,4,43.919495139007324,60.03430531732418,59.09090909090909,39,7.898894154818326,36.36363636363637,66.66666666666667,90.9090909090909,5.0,4,2,12,70.53191489361703,50,3,1,7,4,11,0,12,6,11,2,0,0,2,2,0,0,23,8,5,3,20,25,2,0,3,752,0,0,0,3,-43.919495139007324,41.87604690117253,39.130434782608695,19,11.160714285714286,26.666666666666668,100.0,37.5,1.0,4,2,2,70.53191489361703
S45G01N82,2024-2025,20241213,181,away,70,10,1,11,4,15,0,12,7,11,4,0,0,3,2,1,2,23,11,5,4,28,26,1,2,2,774,0,0,0,4,38.03544126124771,57.56578947368421,56.52173913043478,38,7.598784194528875,36.36363636363637,66.66666666666667,90.9090909090909,5.0,4,2,12,70.07751937984497,50,3,1,7,4,11,0,12,6,11,2,0,0,2,2,0,0,23,8,5,3,20,25,2,0,3,774,0,0,0,3,-38.03544126124771,41.87604690117253,39.130434782608695,19,11.160714285714286,26.666666666666668,100.0,37.5,1.0,4,2,2,70.07751937984497
S45G01N82,2024-2025,20241213,182,away,70,10,1,11,5,16,0,12,7,11,4,0,0,3,2,1,2,23,11,5,4,28,26,1,2,2,775,0,0,0,4,43.919495139007324,57.56578947368421,56.52173913043478,39,7.598784194528875,41.666666666666664,66.66666666666667,90.9090909090909,5.0,4,2,12,68.43870967741935,50,3,1,7,4,11,0,12,6,11,2,0,0,2,2,0,0,23,8,5,3,20,25,2,0,3,775,0,0,0,3,-43.919495139007324,41.87604690117253,39.130434782608695,19,11.160714285714286,26.666666666666668,100.0,37.5,1.0,4,2,2,68.43870967741935
S45G01N82,2024-2025,20241213,183,away,70,10,1,11,5,16,0,13,7,11,4,0,0,3,2,1,2,24,11,5,4,28,27,1,2,2,777,0,0,0,4,38.03544126124771,55.292259083728275,54.166666666666664,38,7.320644216691068,41.666666666666664,66.66666666666667,90.9090909090909,5.0,4,2,12,69.80694980694982,50,3,1,7,4,11,0,12,6,11,2,0,0,2,2,0,0,23,8,5,3,20,25,2,0,3,777,0,0,0,3,-38.03544126124771,41.87604690117253,39.130434782608695,19,11.160714285714286,26.666666666666668,100.0,37.5,1.0,4,2,2,69.80694980694982
S45G01N82,2024-2025,20241213,184,away,70,10,1,11,5,16,0,13,7,11,4,0,0,3,2,1,2,24,11,5,4,28,27,1,2,2,778,0,0,0,4,38.03544126124771,55.292259083728275,54.166666666666664,38,7.320644216691068,38.46153846153846,66.66666666666667,90.9090909090909,5.0,4,2,12,69.7172236503856,50,3,1,8,4,12,0,12,6,11,2,0,0,2,2,0,0,23,8,5,3,20,25,2,0,3,778,0,0,0,3,-38.03544126124771,41.87604690117253,39.130434782608695,20,11.160714285714286,26.666666666666668,100.0,37.5,1.0,4,2,2,69.7172236503856
S45G01N82,2024-2025,20241213,185,away,70,10,1,11,5,16,0,13,7,11,4,0,0,3,2,1,2,24,11,6,5,28,27,1,2,2,791,0,0,0,4,38.03544126124771,55.292259083728275,54.166666666666664,38,7.320644216691068,38.46153846153846,66.66666666666667,90.9090909090909,5.0,4,2,12,68.57142857142857,50,3,1,8,4,12,0,12,6,11,2,0,0,2,2,0,0,23,8,5,3,20,25,2,0,3,791,0,0,0,3,-38.03544126124771,41.87604690117253,39.130434782608695,20,11.160714285714286,26.666666666666668,100.0,37.5,1.0,4,2,2,68.57142857142857
S45G01N82,2024-2025,20241213,186,away,70,10,1,11,5,16,0,13,7,11,4,0,0,3,2,1,2,24,11,6,5,28,27,1,2,2,791,0,0,0,4,38.03544126124771,55.292259083728275,54.166666666666664,38,7.320644216691068,38.46153846153846,66.66666666666667,90.9090909090909,5.0,4,2,12,68.57142857142857,50,3,1,8,4,12,0,12,6,11,2,0,0,2,2,0,0,23,8,5,3,20,25,2,0,3,791,0,0,0,3,-38.03544126124771,41.87604690117253,39.130434782608695,20,11.160714285714286,26.666666666666668,100.0,37.5,1.0,4,2,2,68.57142857142857
S45G01N82,2024-2025,20241213,187,away,70,10,1,11,5,16,0,13,7,11,4,0,0,3,2,1,2,24,11,6,5,28,27,1,2,2,791,0,0,0,4,38.03544126124771,55.292259083728275,54.166666666666664,38,7.320644216691068,38.46153846153846,66.66666666666667,90.9090909090909,5.0,4,2,12,68.57142857142857,50,3,1,8,4,12,0,12,6,11,2,0,0,2,2,0,0,23,8,5,3,20,25,2,0,3,791,0,0,0,3,-38.03544126124771,41.87604690117253,39.130434782608695,20,11.160714285714286,26.666666666666668,100.0,37.5,1.0,4,2,2,68.57142857142857
S45G01N82,2024-2025,20241213,188,away,70,10,1,11,5,16,0,13,7,11,4,0,0,3,2,1,2,24,11,6,5,28,27,1,2,2,791,0,0,0,4,38.03544126124771,55.292259083728275,54.166666666666664,38,7.320644216691068,38.46153846153846,66.66666666666667,90.9090909090909,5.0,4,2,12,68.57142857142857,50,3,1,8,4,12,0,12,6,11,2,0,0,2,2,0,0,23,8,5,3,20,25,2,0,3,791,0,0,0,3,-38.03544126124771,41.87604690117253,39.130434782608695,20,11.160714285714286,26.666666666666668,100.0,37.5,1.0,4,2,2,68.57142857142857
S45G01N82,2024-2025,20241213,189,away,70,10,1,11,5,16,0,13,7,11,4,0,0,3,2,1,2,24,11,6,5,28,27,1,2,2,791,0,0,0,4,38.03544126124771,55.292259083728275,54.166666666666664,38,7.320644216691068,38.46153846153846,66.66666666666667,90.9090909090909,5.0,4,2,12,68.57142857142857,50,3,1,8,4,12,0,12,6,11,2,0,0,2,2,0,0,23,8,5,3,20,25,2,0,3,791,0,0,0,3,-38.03544126124771,41.87604690117253,39.130434782608695,20,11.160714285714286,26.666666666666668,100.0,37.5,1.0,4,2,2,68.57142857142857
S45G01N82,2024-2025,20241213,190,away,70,10,1,11,5,16,0,13,7,11,4,0,0,3,2,1,2,24,11,6,5,28,27,1,2,2,791,0,0,0,4,38.03544126124771,55.292259083728275,54.166666666666664,38,7.320644216691068,38.46153846153846,66.66666666666667,90.9090909090909,5.0,4,2,12,68.57142857142857,50,3,1,8,4,12,0,12,6,11,2,0,0,2,2,0,0,23,8,5,3,20,25,2,0,3,791,0,0,0,3,-38.03544126124771,41.87604690117253,39.130434782608695,20,11.160714285714286,26.666666666666668,100.0,37.5,1.0,4,2,2,68.57142857142857
S45G01N82,2024-2025,20241213,191,away,70,10,1,11,5,16,0,13,7,11,4,0,0,3,2,1,2,24,11,6,5,28,27,1,2,2,807,0,0,0,4,38.03544126124771,55.292259083728275,54.166666666666664,38,7.320644216691068,38.46153846153846,66.66666666666667,90.9090909090909,5.0,4,2,12,67.21189591078067,50,3,1,8,4,12,0,12,6,11,2,0,0,2,2,0,0,23,8,5,3,20,25,2,1,3,807,0,0,0,4,-38.03544126124771,41.87604690117253,39.130434782608695,19,11.160714285714286,26.666666666666668,100.0,37.5,1.0,4,2,2,67.21189591078067
S45G01N82,2024-2025,20241213,192,away,70,10,1,11,5,16,0,13,7,12,4,0,0,3,2,1,2,25,11,6,5,28,28,1,2,2,825,0,0,0,4,32.65602322206095,53.191489361702125,52.0,37,7.062146892655367,38.46153846153846,66.66666666666667,90.9090909090909,5.0,4,2,12,67.2,50,3,1,8,4,12,0,12,6,11,2,0,0,2,2,0,0,23,8,5,3,20,25,2,1,3,825,0,0,0,4,-32.65602322206095,41.87604690117253,39.130434782608695,19,11.160714285714286,26.666666666666668,100.0,37.5,1.0,4,2,2,67.2
S45G01N82,2024-2025,20241213,193,away,70,10,1,11,5,16,0,13,7,12,4,0,0,3,2,1,2,25,11,6,5,28,28,1,2,2,826,0,0,0,4,32.65602322206095,53.191489361702125,52.0,37,7.062146892655367,38.46153846153846,66.66666666666667,90.9090909090909,5.0,4,2,12,67.11864406779662,50,3,1,8,4,12,1,12,6,11,2,0,0,2,2,0,0,23,8,5,3,20,25,2,1,3,826,0,0,0,4,-32.65602322206095,41.87604690117253,39.130434782608695,20,11.160714285714286,26.666666666666668,100.0,37.5,1.0,4,2,2,67.11864406779662
S45G01N82,2024-2025,20241213,194,away,70,10,1,11,5,16,0,13,7,12,4,0,0,3,2,1,2,25,11,6,5,28,28,1,2,2,840,0,0,0,4,36.31651683230331,53.191489361702125,52.0,37,7.062146892655367,38.46153846153846,66.66666666666667,90.9090909090909,5.0,4,2,12,67.42857142857143,50,3,1,8,4,12,1,12,6,11,2,0,0,2,2,0,0,23,8,5,3,20,25,2,1,4,840,0,0,0,5,-36.31651683230331,41.87604690117253,39.130434782608695,19,14.347202295552368,26.666666666666668,100.0,37.5,0.75,4,2,2,67.42857142857143
S45G01N82,2024-2025,20241213,195,away,70,10,1,11,5,16,0,13,7,12,4,0,0,3,2,1,2,25,11,6,5,28,28,2,2,2,841,0,0,0,4,36.31651683230331,53.191489361702125,52.0,38,7.062146892655367,38.46153846153846,66.66666666666667,90.9090909090909,5.0,4,2,12,67.34839476813318,50,3,1,8,4,12,1,12,6,11,2,0,0,2,2,0,0,23,8,5,3,20,25,2,1,4,841,0,0,0,5,-36.31651683230331,41.87604690117253,39.130434782608695,19,14.347202295552368,26.666666666666668,100.0,37.5,0.75,4,2,2,67.34839476813318
S45G01N82,2024-2025,20241213,196,away,70,10,1,11,5,16,0,13,7,12,4,0,0,3,2,1,2,25,11,6,5,28,28,2,2,3,855,0,0,0,5,31.379485145023366,53.191489361702125,52.0,37,10.231923601637108,38.46153846153846,66.66666666666667,90.9090909090909,3.3333333333333335,4,2,12,67.64912280701755,50,3,1,8,4,12,1,12,6,11,2,0,0,2,2,0,0,23,8,5,3,20,25,2,1,4,855,0,0,0,5,-31.379485145023366,41.87604690117253,39.130434782608695,19,14.347202295552368,26.666666666666668,100.0,37.5,0.75,4,2,2,67.64912280701755
S45G01N82,2024-2025,20241213,197,away,70,10,1,11,5,16,0,13,7,12,4,0,0,3,2,1,2,25,11,6,5,28,28,2,2,3,858,0,0,0,5,31.379485145023366,53.191489361702125,52.0,37,10.231923601637108,38.46153846153846,66.66666666666667,90.9090909090909,3.3333333333333335,4,2,12,67.41258741258741,50,3,1,8,4,12,1,12,6,11,2,0,0,2,2,0,0,23,8,5,3,20,25,3,1,4,858,0,0,0,5,-31.379485145023366,41.87604690117253,39.130434782608695,20,14.347202295552368,26.666666666666668,100.0,37.5,0.75,4,2,2,67.41258741258741
S45G01N82,2024-2025,20241213,198,away,70,10,1,11,5,16,0,13,7,12,4,0,0,3,2,1,2,25,11,6,5,28,28,2,2,3,859,0,0,0,5,34.745726857336265,53.191489361702125,52.0,37,10.231923601637108,38.46153846153846,66.66666666666667,90.9090909090909,3.3333333333333335,4,2,12,68.73108265424914,50,3,1,8,4,12,1,13,6,11,2,0,0,2,2,0,0,24,8,5,3,20,26,3,1,4,859,0,0,0,5,-34.745726857336265,40.19292604501608,37.5,19,13.850415512465375,26.666666666666668,100.0,37.5,0.75,4,2,2,68.73108265424914
S45G01N82,2024-2025,20241213,199,away,70,10,1,11,5,16,0,13,7,12,4,0,0,3,2,1,2,25,11,6,5,28,28,2,2,3,860,0,0,0,5,31.379485145023366,53.191489361702125,52.0,37,10.231923601637108,38.46153846153846,66.66666666666667,90.9090909090909,3.3333333333333335,4,2,12,67.25581395348837,50,3,1,8,5,13,1,13,6,11,2,0,0,2,2,0,0,24,8,5,3,20,26,3,1,4,860,0,0,0,5,-31.379485145023366,40.19292604501608,37.5,20,13.850415512465375,31.25,100.0,37.5,0.75,4,2,2,67.25581395348837
S45G01N82,2024-2025,20241213,200,away,70,10,1,11,5,16,0,13,7,12,4,0,0,3,2,1,2,25,11,6,5,28,28,2,2,3,861,0,0,0,5,26.70714164833305,53.191489361702125,52.0,37,10.231923601637108,38.46153846153846,66.66666666666667,90.9090909090909,3.3333333333333335,6,2,12,68.57142857142858,50,3,1,8,5,13,1,14,7,11,2,0,0,2,2,0,0,25,9,5,3,22,27,3,1,4,861,0,0,0,5,-26.70714164833305,42.50386398763524,40.0,22,13.386880856760376,31.25,100.0,33.333333333333336,0.75,6,2,2,68.57142857142858
S45G01N82,2024-2025,20241213,201,away,70,10,1,11,5,16,0,13,7,12,4,0,0,3,2,1,2,25,11,6,5,28,28,2,2,3,861,0,0,0,5,26.70714164833305,53.191489361702125,52.0,37,10.231923601637108,38.46153846153846,66.66666666666667,90.9090909090909,3.3333333333333335,6,2,12,68.57142857142858,50,3,1,8,5,13,1,14,7,11,2,0,0,2,2,0,0,25,9,5,3,22,27,3,1,4,861,0,0,0,5,-26.70714164833305,42.50386398763524,40.0,22,13.386880856760376,31.25,100.0,33.333333333333336,0.75,6,2,2,68.57142857142858
S45G01N82,2024-2025,20241213,202,away,70,10,1,11,5,16,0,13,7,12,4,0,0,3,2,1,2,25,11,6,5,28,28,2,2,3,861,0,0,0,5,26.70714164833305,53.191489361702125,52.0,37,10.231923601637108,38.46153846153846,66.66666666666667,90.9090909090909,3.3333333333333335,6,2,12,68.57142857142858,50,3,1,8,5,13,1,14,7,11,2,0,0,2,2,0,0,25,9,5,3,22,27,3,1,4,861,0,0,0,5,-26.70714164833305,42.50386398763524,40.0,22,13.386880856760376,31.25,100.0,33.333333333333336,0.75,6,2,2,68.57142857142858
S45G01N82,2024-2025,20241213,203,away,70,10,1,11,5,16,0,13,7,12,4,0,0,3,2,1,2,25,11,6,5,28,28,2,2,3,861,0,0,0,5,26.70714164833305,53.191489361702125,52.0,37,10.231923601637108,38.46153846153846,66.66666666666667,90.9090909090909,3.3333333333333335,6,2,12,68.57142857142858,50,3,1,8,5,13,1,14,7,11,2,0,0,2,2,0,0,25,9,5,3,22,27,3,1,4,861,0,0,0,5,-26.70714164833305,42.50386398763524,40.0,22,13.386880856760376,31.25,100.0,33.333333333333336,0.75,6,2,2,68.57142857142858
S45G01N82,2024-2025,20241213,204,away,70,10,1,11,5,16,0,13,7,13,4,0,0,3,2,1,2,26,11,6,5,28,29,2,2,3,875,0,0,0,5,22.160080868421176,51.24450951683748,50.0,36,9.894459102902374,38.46153846153846,66.66666666666667,90.9090909090909,3.3333333333333335,6,2,12,68.8457142857143,50,3,1,8,5,13,1,14,7,11,2,0,0,2,2,0,0,25,9,5,3,22,27,3,1,4,875,0,0,0,5,-22.160080868421176,42.50386398763524,40.0,22,13.386880856760376,31.25,100.0,33.333333333333336,0.75,6,2,2,68.8457142857143
S45G01N82,2024-2025,20241213,205,away,70,10,1,11,5,16,0,13,7,13,4,0,0,3,2,1,2,26,11,6,5,28,29,2,2,3,876,0,0,0,5,22.160080868421176,51.24450951683748,50.0,36,9.894459102902374,35.714285714285715,66.66666666666667,90.9090909090909,3.3333333333333335,6,2,12,68.76712328767124,50,3,1,9,5,14,1,14,7,11,2,0,0,2,2,0,0,25,9,5,3,22,27,3,1,4,876,0,0,0,5,-22.160080868421176,42.50386398763524,40.0,23,13.386880856760376,31.25,100.0,33.333333333333336,0.75,6,2,2,68.76712328767124
S45G01N82,2024-2025,20241213,206,away,70,10,1,11,5,16,0,13,7,13,4,0,0,3,2,1,2,26,11,6,5,28,29,2,2,3,882,0,0,0,5,17.848814921706932,51.24450951683748,50.0,36,9.894459102902374,35.714285714285715,66.66666666666667,90.9090909090909,3.3333333333333335,8,2,12,69.65986394557824,50,3,1,9,5,14,1,15,8,11,2,0,0,2,2,0,0,26,10,5,3,24,28,3,1,4,882,0,0,0,5,-17.848814921706932,44.642857142857146,42.30769230769231,25,12.953367875647668,31.25,100.0,30.0,0.75,8,2,2,69.65986394557824
S45G01N82,2024-2025,20241213,207,away,70,10,1,11,5,16,0,14,7,13,4,0,0,3,2,1,2,27,11,6,5,28,30,2,2,3,899,0,0,0,5,13.647275477654631,49.43502824858757,48.148148148148145,35,9.578544061302681,35.714285714285715,66.66666666666667,90.9090909090909,3.3333333333333335,8,2,12,69.6774193548387,50,3,1,9,5,14,1,15,8,11,2,0,0,2,2,0,0,26,10,5,3,24,28,3,1,4,899,0,0,0,5,-13.647275477654631,44.642857142857146,42.30769230769231,25,12.953367875647668,31.25,100.0,30.0,0.75,8,2,2,69.6774193548387
S45G01N82,2024-2025,20241213,208,away,70,10,1,11,5,16,0,14,7,13,4,0,0,3,2,1,2,27,11,6,5,28,30,2,2,3,900,0,0,0,5,13.647275477654631,49.43502824858757,48.148148148148145,35,9.578544061302681,33.333333333333336,66.66666666666667,90.9090909090909,3.3333333333333335,8,2,12,69.6,50,3,1,10,5,15,1,15,8,11,2,0,0,2,2,0,0,26,10,5,3,24,28,3,1,4,900,0,0,0,5,-13.647275477654631,44.642857142857146,42.30769230769231,26,12.953367875647668,31.25,100.0,30.0,0.75,8,2,2,69.6
S45G01N82,2024-2025,20241213,209,away,70,10,1,11,5,16,0,14,7,13,4,0,0,3,2,1,2,27,11,6,5,28,30,2,2,3,901,0,0,0,5,17.097264437689958,49.43502824858757,48.148148148148145,35,9.578544061302681,33.333333333333336,66.66666666666667,90.9090909090909,3.3333333333333335,8,2,12,70.85460599334074,50,3,1,10,5,15,1,15,8,11,2,0,0,2,2,0,0,26,10,5,3,24,28,3,1,5,901,0,0,0,6,-17.097264437689958,44.642857142857146,42.30769230769231,25,15.683814303638645,31.25,100.0,30.0,0.6,8,2,2,70.85460599334074
S45G01N82,2024-2025,20241213,210,away,70,10,1,11,5,16,0,14,7,13,4,0,0,3,2,1,2,27,11,6,5,28,30,3,2,3,903,0,0,0,5,17.097264437689958,49.43502824858757,48.148148148148145,36,9.578544061302681,33.333333333333336,66.66666666666667,90.9090909090909,3.3333333333333335,8,2,12,70.69767441860466,50,3,1,10,5,15,1,15,8,11,2,0,0,2,2,0,0,26,10,5,3,24,28,3,1,5,903,0,0,0,6,-17.097264437689958,44.642857142857146,42.30769230769231,25,15.683814303638645,31.25,100.0,30.0,0.6,8,2,2,70.69767441860466
S45G01N82,2024-2025,20241213,211,away,70,10,1,11,5,16,0,14,7,13,4,0,0,3,2,1,2,27,11,6,5,28,30,3,2,3,904,0,0,0,5,17.097264437689958,49.43502824858757,48.148148148148145,36,9.578544061302681,33.333333333333336,66.66666666666667,90.9090909090909,3.3333333333333335,8,2,12,70.61946902654869,50,3,1,10,5,15,1,15,8,11,2,0,0,2,2,0,0,26,10,6,4,24,28,3,1,5,904,0,0,0,6,-17.097264437689958,44.642857142857146,42.30769230769231,25,15.683814303638645,31.25,100.0,30.0,0.6,8,2,2,70.61946902654869
S45G01N82,2024-2025,20241213,212,away,70,10,1,11,5,16,0,14,7,13,4,0,0,3,2,1,2,27,11,6,5,28,30,3,2,3,904,0,0,0,5,17.097264437689958,49.43502824858757,48.148148148148145,36,9.578544061302681,33.333333333333336,66.66666666666667,90.9090909090909,3.3333333333333335,8,2,12,70.61946902654869,50,3,1,10,5,15,1,15,8,11,2,0,0,2,2,0,0,26,10,6,4,24,28,3,1,5,904,0,0,0,6,-17.097264437689958,44.642857142857146,42.30769230769231,25,15.683814303638645,31.25,100.0,30.0,0.6,8,2,2,70.61946902654869
S45G01N82,2024-2025,20241213,213,away,70,10,1,11,5,16,0,14,7,14,4,0,0,3,2,1,2,28,11,6,5,28,31,3,2,3,910,0,0,0,5,13.203304747960672,47.748976807639835,46.42857142857143,35,9.282178217821782,33.333333333333336,66.66666666666667,90.9090909090909,3.3333333333333335,8,2,12,71.47252747252747,50,3,1,10,5,15,1,15,8,11,2,0,0,2,2,0,0,26,10,6,4,24,28,3,1,5,910,0,0,0,6,-13.203304747960672,44.642857142857146,42.30769230769231,25,15.683814303638645,31.25,100.0,30.0,0.6,8,2,2,71.47252747252747
S45G01N82,2024-2025,20241213,214,away,70,10,1,11,5,16,0,14,7,14,4,0,0,3,2,1,2,28,11,6,5,28,31,3,2,3,913,0,0,0,5,13.203304747960672,47.748976807639835,46.42857142857143,35,9.282178217821782,31.25,66.66666666666667,90.9090909090909,3.3333333333333335,8,2,12,71.23767798466594,50,3,1,11,5,16,1,15,8,11,2,0,0,2,2,0,0,26,10,6,4,24,28,3,1,5,913,0,0,0,6,-13.203304747960672,44.642857142857146,42.30769230769231,26,15.683814303638645,31.25,100.0,30.0,0.6,8,2,2,71.23767798466594
S45G01N82,2024-2025,20241213,215,away,70,10,1,11,5,16,0,14,7,14,4,0,0,3,2,1,2,28,11,7,5,28,31,3,2,3,924,0,0,0,5,13.203304747960672,47.748976807639835,46.42857142857143,35,9.282178217821782,31.25,66.66666666666667,90.9090909090909,3.3333333333333335,8,2,12,70.3896103896104,50,3,1,11,5,16,1,15,8,11,2,0,0,2,2,0,0,26,10,6,4,24,28,3,1,5,924,0,0,0,6,-13.203304747960672,44.642857142857146,42.30769230769231,26,15.683814303638645,31.25,100.0,30.0,0.6,8,2,2,70.3896103896104
S45G01N82,2024-2025,20241213,216,away,70,10,1,11,5,16,0,14,7,14,4,0,0,3,2,1,2,28,11,7,5,28,31,3,2,3,924,0,0,0,5,13.203304747960672,47.748976807639835,46.42857142857143,35,9.282178217821782,31.25,66.66666666666667,90.9090909090909,3.3333333333333335,8,2,12,70.3896103896104,50,3,1,11,5,16,1,15,8,11,2,0,0,2,2,0,0,26,10,6,4,24,28,3,1,5,924,0,0,0,6,-13.203304747960672,44.642857142857146,42.30769230769231,26,15.683814303638645,31.25,100.0,30.0,0.6,8,2,2,70.3896103896104
S45G01N82,2024-2025,20241213,217,away,70,10,1,11,5,16,0,14,7,14,4,0,0,3,2,1,2,28,11,7,5,28,31,3,2,3,924,0,0,0,5,10.980966325036604,47.748976807639835,46.42857142857143,35,9.282178217821782,31.25,66.66666666666667,90.9090909090909,3.3333333333333335,9,2,12,70.96103896103897,50,3,1,11,5,16,1,15,8,11,2,0,0,3,3,0,0,26,10,6,4,25,29,3,1,5,924,0,0,0,6,-10.980966325036604,45.75402635431918,42.30769230769231,27,15.47029702970297,31.25,100.0,30.0,0.6,9,2,2,70.96103896103897
S45G01N82,2024-2025,20241213,218,away,70,10,1,11,5,16,0,14,7,14,4,0,0,3,2,1,2,28,11,7,5,28,31,3,2,3,924,0,0,0,5,8.829076670562586,47.748976807639835,46.42857142857143,35,9.282178217821782,31.25,66.66666666666667,90.9090909090909,3.3333333333333335,10,2,12,71.53246753246754,50,3,1,11,5,16,1,15,8,11,2,0,0,4,4,0,0,26,10,6,4,26,30,3,1,5,924,0,0,0,6,-8.829076670562586,46.829971181556196,42.30769230769231,28,15.26251526251526,31.25,100.0,30.0,0.6,10,2,2,71.53246753246754
S45G01N82,2024-2025,20241213,219,away,70,10,1,11,5,16,0,14,7,14,4,0,0,3,2,1,2,28,11,7,5,28,31,3,2,3,924,0,0,0,5,8.829076670562586,47.748976807639835,46.42857142857143,35,9.282178217821782,31.25,66.66666666666667,90.9090909090909,3.3333333333333335,10,2,12,71.53246753246754,50,3,1,11,5,16,1,15,8,11,2,0,0,4,4,0,0,26,10,6,4,26,30,3,1,5,924,0,0,0,6,-8.829076670562586,46.829971181556196,42.30769230769231,28,15.26251526251526,31.25,100.0,30.0,0.6,10,2,2,71.53246753246754
S45G01N82,2024-2025,20241213,220,away,70,10,1,11,5,16,0,14,7,14,4,0,0,3,2,1,2,28,11,7,5,28,31,3,2,3,924,0,0,0,5,8.829076670562586,47.748976807639835,46.42857142857143,35,9.282178217821782,31.25,66.66666666666667,90.9090909090909,3.3333333333333335,10,2,12,71.53246753246754,50,3,1,11,5,16,1,15,8,11,2,0,0,4,4,0,0,26,10,6,4,26,30,3,1,5,924,0,0,0,6,-8.829076670562586,46.829971181556196,42.30769230769231,28,15.26251526251526,31.25,100.0,30.0,0.6,10,2,2,71.53246753246754
S45G01N82,2024-2025,20241213,221,away,70,10,1,11,5,16,0,15,8,14,4,0,0,3,2,1,2,29,12,7,5,30,32,3,2,3,935,0,0,0,5,12.272261026718127,49.47229551451187,48.275862068965516,37,9.003601440576231,31.25,66.66666666666667,83.33333333333333,3.3333333333333335,2,2,12,71.97433155080215,50,3,1,11,5,16,1,15,8,11,2,0,0,4,4,0,0,26,10,6,4,26,30,3,1,5,935,0,0,0,6,-12.272261026718127,46.829971181556196,42.30769230769231,28,15.26251526251526,31.25,100.0,30.0,0.6,2,2,2,71.97433155080215
S45G01N82,2024-2025,20241213,222,away,70,10,1,11,5,16,0,15,8,14,4,0,0,3,2,1,2,29,12,7,5,30,32,3,2,3,948,0,0,0,5,8.574762499705344,49.47229551451187,48.275862068965516,37,9.003601440576231,31.25,66.66666666666667,83.33333333333333,3.3333333333333335,2,2,12,72.25316455696203,50,3,1,11,5,16,1,16,9,11,2,0,0,4,4,0,0,27,11,6,4,28,31,3,1,5,948,0,0,0,6,-8.574762499705344,48.67872044506258,44.44444444444444,30,14.810426540284357,31.25,100.0,27.272727272727273,0.6,2,2,2,72.25316455696203
S45G01N82,2024-2025,20241213,223,away,70,10,1,11,5,16,0,15,8,14,4,0,0,3,2,1,2,29,12,7,5,30,32,3,2,3,958,0,0,0,5,8.574762499705344,49.47229551451187,48.275862068965516,37,9.003601440576231,31.25,66.66666666666667,83.33333333333333,3.3333333333333335,2,2,12,71.49895615866389,50,3,1,11,5,16,1,16,9,11,2,0,0,4,4,0,0,27,11,7,5,28,31,3,1,5,958,0,0,0,6,-8.574762499705344,48.67872044506258,44.44444444444444,30,14.810426540284357,31.25,100.0,27.272727272727273,0.6,2,2,2,71.49895615866389
S45G01N82,2024-2025,20241213,224,away,70,10,1,11,5,16,0,15,8,14,4,0,0,3,2,1,2,29,12,7,5,30,32,3,2,3,958,0,0,0,5,8.574762499705344,49.47229551451187,48.275862068965516,37,9.003601440576231,31.25,66.66666666666667,83.33333333333333,3.3333333333333335,2,2,12,71.49895615866389,50,3,1,11,5,16,1,16,9,11,2,0,0,4,4,0,0,27,11,7,5,28,31,3,1,5,958,0,0,0,6,-8.574762499705344,48.67872044506258,44.44444444444444,30,14.810426540284357,31.25,100.0,27.272727272727273,0.6,2,2,2,71.49895615866389
S45G01N82,2024-2025,20241213,225,away,70,10,1,11,5,16,0,15,8,15,4,0,0,3,2,1,2,30,12,7,5,30,33,3,2,3,964,0,0,0,5,4.961795126245917,47.89272030651341,46.666666666666664,36,8.741258741258742,31.25,66.66666666666667,83.33333333333333,3.3333333333333335,2,2,12,72.298755186722,50,3,1,11,5,16,1,16,9,11,2,0,0,4,4,0,0,27,11,7,5,28,31,3,1,5,964,0,0,0,6,-4.961795126245917,48.67872044506258,44.44444444444444,30,14.810426540284357,31.25,100.0,27.272727272727273,0.6,2,2,2,72.298755186722
S45G01N82,2024-2025,20241213,226,away,70,10,1,11,5,16,0,15,8,15,4,0,0,3,2,1,2,30,12,7,5,30,33,3,2,3,966,0,0,0,5,4.961795126245917,47.89272030651341,46.666666666666664,36,8.741258741258742,29.41176470588235,66.66666666666667,83.33333333333333,3.3333333333333335,2,2,12,72.14906832298136,50,3,1,12,5,17,1,16,9,11,2,0,0,4,4,0,0,27,11,7,5,28,31,3,1,5,966,0,0,0,6,-4.961795126245917,48.67872044506258,44.44444444444444,31,14.810426540284357,31.25,100.0,27.272727272727273,0.6,2,2,2,72.14906832298136
S45G01N82,2024-2025,20241213,227,away,70,10,1,11,5,16,0,15,8,15,4,0,0,3,2,1,2,30,12,7,5,30,33,3,2,3,975,0,0,0,5,8.233214510994756,47.89272030651341,46.666666666666664,36,8.741258741258742,29.41176470588235,66.66666666666667,83.33333333333333,3.3333333333333335,2,2,12,72.71384615384616,50,3,1,12,5,17,1,17,9,11,2,0,0,4,4,0,0,28,11,7,5,28,32,3,1,5,975,0,0,0,6,-8.233214510994756,47.04301075268817,42.857142857142854,30,14.3843498273878,31.25,100.0,27.272727272727273,0.6,2,2,2,72.71384615384616
S45G01N82,2024-2025,20241213,228,away,70,10,1,12,5,17,0,15,8,15,4,0,0,3,2,1,2,30,12,7,5,30,33,3,2,3,977,0,0,0,5,8.233214510994756,47.89272030651341,46.666666666666664,37,8.741258741258742,29.41176470588235,66.66666666666667,83.33333333333333,3.3333333333333335,2,2,12,72.56499488229274,50,3,1,12,5,17,1,17,9,11,2,0,0,4,4,0,0,28,11,7,5,28,32,3,1,5,977,0,0,0,6,-8.233214510994756,47.04301075268817,42.857142857142854,30,14.3843498273878,29.41176470588235,100.0,27.272727272727273,0.6,2,2,2,72.56499488229274
S45G01N82,2024-2025,20241213,229,away,70,10,1,12,5,17,0,15,8,15,4,0,0,3,2,1,2,30,12,7,5,30,33,3,2,4,979,0,0,0,6,4.858569523647418,47.89272030651341,46.666666666666664,36,11.325028312570781,29.41176470588235,66.66666666666667,83.33333333333333,2.5,2,2,12,73.64249233912156,50,3,1,12,5,17,1,17,9,11,2,0,0,4,4,0,0,28,11,7,5,28,32,3,1,5,979,0,0,0,6,-4.858569523647418,47.04301075268817,42.857142857142854,30,14.3843498273878,29.41176470588235,100.0,27.272727272727273,0.6,2,2,2,73.64249233912156
S45G01N82,2024-2025,20241213,230,away,70,10,1,12,5,17,0,15,8,15,4,0,0,3,2,1,2,30,12,7,5,30,33,3,2,4,980,0,0,0,6,4.858569523647418,47.89272030651341,46.666666666666664,36,11.325028312570781,29.41176470588235,66.66666666666667,83.33333333333333,2.5,2,2,12,73.56734693877551,50,3,1,12,5,17,1,17,9,11,2,0,0,4,4,0,0,28,11,7,5,28,32,4,1,5,980,0,0,0,6,-4.858569523647418,47.04301075268817,42.857142857142854,31,14.3843498273878,29.41176470588235,100.0,27.272727272727273,0.6,2,2,2,73.56734693877551
S45G01N82,2024-2025,20241213,231,away,70,10,1,12,5,17,0,15,8,15,4,0,0,3,2,1,2,30,12,7,5,30,33,3,2,4,984,0,0,0,6,7.917282836566017,47.89272030651341,46.666666666666664,36,11.325028312570781,29.41176470588235,66.66666666666667,83.33333333333333,2.5,2,2,12,74.48780487804879,50,3,1,12,5,17,1,18,9,11,2,0,0,4,4,0,0,29,11,7,5,28,33,4,1,5,984,0,0,0,6,-7.917282836566017,45.51365409622887,41.37931034482759,30,13.982102908277403,29.41176470588235,100.0,27.272727272727273,0.6,2,2,2,74.48780487804879
S45G01N82,2024-2025,20241213,232,away,70,10,1,12,5,17,0,15,8,15,4,0,0,3,2,1,2,30,12,7,5,30,33,3,2,4,986,0,0,0,6,4.858569523647418,47.89272030651341,46.666666666666664,36,11.325028312570781,29.41176470588235,66.66666666666667,83.33333333333333,2.5,2,2,12,73.11967545638946,50,3,1,12,6,18,1,18,9,11,2,0,0,4,4,0,0,29,11,7,5,28,33,4,1,5,986,0,0,0,6,-4.858569523647418,45.51365409622887,41.37931034482759,31,13.982102908277403,33.333333333333336,100.0,27.272727272727273,0.6,2,2,2,73.11967545638946
S45G01N82,2024-2025,20241213,233,away,70,10,1,12,5,17,0,15,8,15,4,0,0,3,2,1,2,30,12,7,5,30,33,3,2,4,997,0,0,0,6,1.415332251390467,47.89272030651341,46.666666666666664,36,11.325028312570781,29.41176470588235,66.66666666666667,83.33333333333333,2.5,4,2,12,73.51654964894685,50,3,1,12,6,18,1,19,10,11,2,0,0,4,4,0,0,30,12,7,5,30,34,4,1,5,997,0,0,0,6,-1.415332251390467,47.22921914357683,43.333333333333336,33,13.601741022850923,33.333333333333336,100.0,25.0,0.6,4,2,2,73.51654964894685
S45G01N82,2024-2025,20241213,234,away,70,10,1,12,5,17,0,15,8,15,4,0,0,3,2,1,2,30,12,7,5,30,33,3,2,4,997,0,0,0,6,1.415332251390467,47.89272030651341,46.666666666666664,36,11.325028312570781,29.41176470588235,66.66666666666667,83.33333333333333,2.5,4,2,12,73.51654964894685,50,4,1,12,6,18,1,19,10,11,2,0,0,4,4,0,0,30,12,7,5,30,34,4,1,5,997,0,0,0,6,-1.415332251390467,47.22921914357683,43.333333333333336,34,13.601741022850923,33.333333333333336,100.0,33.333333333333336,0.8,4,2,2,73.51654964894685
S45G01N82,2024-2025,20241213,235,away,70,10,1,12,5,17,0,16,8,15,4,0,0,3,2,1,2,31,12,7,5,30,34,3,2,4,1020,0,0,0,6,-1.7438181646064521,46.41089108910891,45.16129032258065,35,11.013215859030836,29.41176470588235,66.66666666666667,83.33333333333333,2.5,4,2,12,73.03529411764707,50,4,1,12,6,18,1,19,10,11,2,0,0,4,4,0,0,30,12,7,5,30,34,4,1,5,1020,0,0,0,6,1.7438181646064521,47.22921914357683,43.333333333333336,34,13.601741022850923,33.333333333333336,100.0,33.333333333333336,0.8,4,2,2,73.03529411764707
S45G01N82,2024-2025,20241213,236,away,70,10,1,12,5,17,0,16,8,15,4,0,0,3,2,1,2,31,12,7,5,30,34,3,2,4,1023,0,0,0,6,-1.7438181646064521,46.41089108910891,45.16129032258065,35,11.013215859030836,27.77777777777778,66.66666666666667,83.33333333333333,2.5,4,2,12,72.82111436950147,50,4,1,13,6,19,1,19,10,11,2,0,0,4,4,0,0,30,12,7,5,30,34,4,1,5,1023,0,0,0,6,1.7438181646064521,47.22921914357683,43.333333333333336,35,13.601741022850923,33.333333333333336,100.0,33.333333333333336,0.8,4,2,2,72.82111436950147
S45G01N82,2024-2025,20241213,237,away,70,10,1,12,5,17,0,16,8,15,4,0,0,3,2,1,2,31,12,7,5,30,34,3,2,4,1026,0,0,0,6,1.327002325873167,46.41089108910891,45.16129032258065,35,11.013215859030836,27.77777777777778,66.66666666666667,83.33333333333333,2.5,4,2,12,73.77777777777777,50,4,1,13,6,19,1,19,10,12,2,0,0,4,4,0,0,31,12,7,5,30,35,4,1,5,1026,0,0,0,6,-1.327002325873167,45.78754578754579,41.935483870967744,34,13.241525423728815,33.333333333333336,100.0,33.333333333333336,0.8,4,2,2,73.77777777777777
S45G01N82,2024-2025,20241213,238,away,70,10,1,12,5,17,0,16,8,15,4,0,0,3,2,1,2,31,12,7,5,30,34,3,2,4,1027,0,0,0,6,-1.7438181646064805,46.41089108910891,45.16129032258065,35,11.013215859030836,27.77777777777778,66.66666666666667,83.33333333333333,2.5,4,2,12,72.53748782862706,50,4,1,13,7,20,1,19,10,12,2,0,0,4,4,0,0,31,12,7,5,30,35,4,1,5,1027,0,0,0,6,1.7438181646064805,45.78754578754579,41.935483870967744,35,13.241525423728815,36.8421052631579,100.0,33.333333333333336,0.8,4,2,2,72.53748782862706
S45G01N82,2024-2025,20241213,239,away,70,10,1,12,5,17,0,16,8,15,4,0,0,3,2,1,2,31,12,7,5,30,34,3,2,4,1029,0,0,0,6,-1.7438181646064805,46.41089108910891,45.16129032258065,35,11.013215859030836,27.77777777777778,66.66666666666667,83.33333333333333,2.5,4,2,12,72.39650145772595,50,4,1,13,7,20,1,19,10,12,2,0,0,4,4,0,0,31,12,7,5,30,35,4,1,5,1029,0,0,0,6,1.7438181646064805,45.78754578754579,41.935483870967744,35,13.241525423728815,36.8421052631579,100.0,33.333333333333336,0.8,4,2,2,72.39650145772595
S45G01N82,2024-2025,20241213,240,away,70,10,1,12,5,17,0,16,8,15,4,0,0,3,2,1,2,31,12,7,5,30,34,3,2,4,1029,0,0,0,6,-1.7438181646064805,46.41089108910891,45.16129032258065,35,11.013215859030836,27.77777777777778,66.66666666666667,83.33333333333333,2.5,4,2,12,72.39650145772595,50,4,1,13,7,20,1,19,10,12,2,0,0,4,4,0,0,31,12,7,5,30,35,4,1,5,1029,0,0,0,6,1.7438181646064805,45.78754578754579,41.935483870967744,35,13.241525423728815,36.8421052631579,100.0,33.333333333333336,0.8,4,2,2,72.39650145772595
S45G01N82,2024-2025,20241213,241,away,70,10,1,12,5,17,0,16,8,15,4,0,0,3,2,1,2,31,12,7,5,30,34,3,2,4,1029,0,0,0,6,-1.7438181646064805,46.41089108910891,45.16129032258065,35,11.013215859030836,27.77777777777778,66.66666666666667,83.33333333333333,2.5,4,2,12,72.39650145772595,50,4,1,13,7,20,1,19,10,12,2,0,0,4,4,0,0,31,12,7,5,30,35,4,1,5,1029,0,0,0,6,1.7438181646064805,45.78754578754579,41.935483870967744,35,13.241525423728815,36.8421052631579,100.0,33.333333333333336,0.8,4,2,2,72.39650145772595
S45G01N82,2024-2025,20241213,242,away,70,10,1,12,5,17,0,16,8,15,4,0,0,3,2,1,2,31,12,7,5,30,34,3,2,4,1029,0,0,0,6,-1.7438181646064805,46.41089108910891,45.16129032258065,35,11.013215859030836,27.77777777777778,66.66666666666667,83.33333333333333,2.5,4,2,12,72.39650145772595,50,4,1,13,7,20,1,19,10,12,2,0,0,4,4,0,0,31,12,7,5,30,35,4,1,5,1029,0,0,0,6,1.7438181646064805,45.78754578754579,41.935483870967744,35,13.241525423728815,36.8421052631579,100.0,33.333333333333336,0.8,4,2,2,72.39650145772595
S45G01N82,2024-2025,20241213,243,away,70,10,1,12,5,17,0,16,8,15,4,0,0,3,2,1,2,31,12,7,5,30,34,3,2,4,1042,0,0,0,6,1.327002325873167,46.41089108910891,45.16129032258065,35,11.013215859030836,27.77777777777778,66.66666666666667,83.33333333333333,2.5,4,2,12,72.64491362763916,50,4,1,13,7,20,1,20,10,12,2,0,0,4,4,0,0,32,12,7,5,30,36,4,1,5,1042,0,0,0,6,-1.327002325873167,44.43127962085308,40.625,34,12.899896800825594,36.8421052631579,100.0,33.333333333333336,0.8,4,2,2,72.64491362763916
S45G01N82,2024-2025,20241213,244,away,70,10,1,12,5,17,0,16,8,15,4,0,0,3,2,1,2,31,12,7,5,30,34,3,2,4,1043,0,0,0,6,-1.7438181646064805,46.41089108910891,45.16129032258065,35,11.013215859030836,27.77777777777778,66.66666666666667,83.33333333333333,2.5,4,2,12,71.42473633748801,50,4,1,13,8,21,1,20,10,12,2,0,0,4,4,0,0,32,12,7,5,30,36,4,1,5,1043,0,0,0,6,1.7438181646064805,44.43127962085308,40.625,35,12.899896800825594,40.0,100.0,33.333333333333336,0.8,4,2,2,71.42473633748801
S45G01N82,2024-2025,20241213,245,away,70,10,1,12,5,17,0,16,8,15,4,0,0,3,2,1,2,31,12,7,5,30,34,3,2,4,1045,0,0,0,6,-4.970226893270407,46.41089108910891,45.16129032258065,35,11.013215859030836,27.77777777777778,66.66666666666667,83.33333333333333,2.5,6,3,12,72.43636363636364,50,4,1,13,8,21,1,21,11,12,2,0,0,4,4,0,0,33,13,7,5,32,37,4,1,5,1045,0,0,0,6,4.970226893270407,46.02991944764097,42.42424242424242,37,12.575452716297788,40.0,100.0,30.76923076923077,0.8,6,3,2,72.43636363636364
S45G01N82,2024-2025,20241213,246,away,70,10,1,12,5,17,0,17,8,15,4,0,0,3,2,1,2,32,12,7,5,30,35,3,2,4,1060,0,0,0,6,-7.933885328079413,45.01800720288115,43.75,34,10.718113612004288,27.77777777777778,66.66666666666667,83.33333333333333,2.5,6,3,12,72.54339622641508,50,4,1,13,8,21,1,21,11,12,2,0,0,4,4,0,0,33,13,7,5,32,37,4,1,5,1060,0,0,0,6,7.933885328079413,46.02991944764097,42.42424242424242,37,12.575452716297788,40.0,100.0,30.76923076923077,0.8,6,3,2,72.54339622641508
S45G01N82,2024-2025,20241213,247,away,70,10,1,12,5,17,0,17,8,15,4,0,0,3,2,1,2,32,12,7,5,30,35,3,2,4,1062,0,0,0,6,-7.933885328079413,45.01800720288115,43.75,34,10.718113612004288,26.31578947368421,66.66666666666667,83.33333333333333,2.5,6,3,12,72.40677966101696,50,4,1,14,8,22,1,21,11,12,2,0,0,4,4,0,0,33,13,7,5,32,37,4,1,5,1062,0,0,0,6,7.933885328079413,46.02991944764097,42.42424242424242,38,12.575452716297788,40.0,100.0,30.76923076923077,0.8,6,3,2,72.40677966101696
S45G01N82,2024-2025,20241213,248,away,70,10,1,12,5,17,0,17,8,15,4,0,0,3,2,1,2,32,12,7,5,30,35,3,2,4,1081,0,0,0,6,-4.858315501879872,45.01800720288115,43.75,34,10.718113612004288,26.31578947368421,66.66666666666667,83.33333333333333,2.5,6,3,12,72.24421831637372,50,4,1,14,8,22,1,22,11,12,2,0,0,4,4,0,0,34,13,7,5,32,38,4,1,5,1081,0,0,0,6,4.858315501879872,44.742729306487696,41.1764705882353,37,12.26692836113837,40.0,100.0,30.76923076923077,0.8,6,3,2,72.24421831637372
S45G01N82,2024-2025,20241213,249,away,70,10,1,12,5,17,0,17,8,15,4,0,0,3,2,1,2,32,12,7,5,30,35,3,2,4,1083,0,0,0,6,-7.933885328079413,45.01800720288115,43.75,34,10.718113612004288,26.31578947368421,66.66666666666667,83.33333333333333,2.5,6,3,12,71.00277008310249,50,4,1,14,9,23,1,22,11,12,2,0,0,4,4,0,0,34,13,7,5,32,38,4,1,5,1083,0,0,0,6,7.933885328079413,44.742729306487696,41.1764705882353,38,12.26692836113837,42.857142857142854,100.0,30.76923076923077,0.8,6,3,2,71.00277008310249
S45G01N82,2024-2025,20241213,250,away,70,10,1,12,5,17,0,17,8,15,4,0,0,3,2,1,2,32,12,7,5,30,35,3,2,4,1086,0,0,0,6,-14.015824659389025,45.01800720288115,43.75,34,10.718113612004288,26.31578947368421,66.66666666666667,83.33333333333333,2.5,9,3,12,71.91160220994476,50,4,1,14,9,23,1,22,11,13,3,0,0,4,4,0,0,35,14,7,5,35,39,4,1,5,1086,0,0,0,6,14.015824659389025,47.60609357997824,44.285714285714285,41,11.973180076628353,42.857142857142854,100.0,28.571428571428573,0.8,9,3,5,71.91160220994476
S45G01N82,2024-2025,20241213,251,away,70,10,1,12,5,17,0,17,8,15,4,0,0,3,2,1,2,32,12,7,5,30,35,3,2,4,1086,0,0,0,6,-14.015824659389025,45.01800720288115,43.75,34,10.718113612004288,26.31578947368421,66.66666666666667,83.33333333333333,2.5,9,3,12,71.91160220994476,50,5,1,14,9,23,1,22,11,13,3,0,0,4,4,0,0,35,14,7,5,35,39,4,1,5,1086,0,0,0,6,14.015824659389025,47.60609357997824,44.285714285714285,42,11.973180076628353,42.857142857142854,100.0,35.714285714285715,1.0,9,3,5,71.91160220994476
S45G01N82,2024-2025,20241213,252,away,70,10,1,12,5,17,0,17,8,15,4,0,0,3,2,1,2,32,12,7,5,30,35,3,2,4,1086,0,0,0,6,-14.015824659389025,45.01800720288115,43.75,34,10.718113612004288,26.31578947368421,66.66666666666667,83.33333333333333,2.5,9,3,12,71.91160220994476,50,5,1,14,9,23,1,22,11,13,3,0,0,4,4,0,0,35,14,7,5,35,39,4,1,5,1086,0,0,0,6,14.015824659389025,47.60609357997824,44.285714285714285,42,11.973180076628353,42.857142857142854,100.0,35.714285714285715,1.0,9,3,5,71.91160220994476
S45G01N82,2024-2025,20241213,253,away,70,10,1,12,5,17,0,17,8,15,4,0,0,3,2,1,2,32,12,7,5,30,35,3,2,4,1086,0,0,0,6,-14.015824659389025,45.01800720288115,43.75,34,10.718113612004288,26.31578947368421,66.66666666666667,83.33333333333333,2.5,9,3,12,71.91160220994476,50,5,1,14,9,23,1,22,11,13,3,0,0,4,4,0,0,35,14,7,5,35,39,4,1,5,1086,0,0,0,6,14.015824659389025,47.60609357997824,44.285714285714285,42,11.973180076628353,42.857142857142854,100.0,35.714285714285715,1.0,9,3,5,71.91160220994476
S45G01N82,2024-2025,20241213,254,away,70,10,1,12,5,17,0,17,8,15,4,0,0,3,2,1,2,32,12,7,5,30,35,3,2,4,1086,0,0,0,6,-14.015824659389025,45.01800720288115,43.75,34,10.718113612004288,26.31578947368421,66.66666666666667,83.33333333333333,2.5,9,3,12,71.91160220994476,50,5,1,14,9,23,1,22,11,13,3,0,0,4,4,0,0,35,14,7,5,35,39,4,1,5,1086,0,0,0,6,14.015824659389025,47.60609357997824,44.285714285714285,42,11.973180076628353,42.857142857142854,100.0,35.714285714285715,1.0,9,3,5,71.91160220994476
S45G01N82,2024-2025,20241213,255,away,70,10,1,12,5,17,0,17,8,15,4,0,0,3,2,1,2,32,12,7,5,30,35,3,2,4,1086,0,0,0,6,-14.015824659389025,45.01800720288115,43.75,34,10.718113612004288,26.31578947368421,66.66666666666667,83.33333333333333,2.5,9,3,12,71.91160220994476,50,5,1,14,9,23,1,22,11,13,3,0,0,4,4,0,0,35,14,7,5,35,39,4,1,5,1086,0,0,0,6,14.015824659389025,47.60609357997824,44.285714285714285,42,11.973180076628353,42.857142857142854,100.0,35.714285714285715,1.0,9,3,5,71.91160220994476
S45G01N82,2024-2025,20241213,256,away,70,10,1,12,5,17,0,17,8,15,4,0,0,3,2,1,2,32,12,7,5,30,35,3,2,4,1086,0,0,0,6,-14.015824659389025,45.01800720288115,43.75,34,10.718113612004288,26.31578947368421,66.66666666666667,83.33333333333333,2.5,9,3,12,71.91160220994476,50,5,1,14,9,23,1,22,11,13,3,0,0,4,4,0,0,35,14,7,5,35,39,4,1,5,1086,0,0,0,6,14.015824659389025,47.60609357997824,44.285714285714285,42,11.973180076628353,42.857142857142854,100.0,35.714285714285715,1.0,9,3,5,71.91160220994476
S45G01N82,2024-2025,20241213,257,away,70,10,1,12,5,17,0,17,8,15,4,0,0,3,2,1,2,32,12,7,5,30,35,3,2,5,1104,0,0,0,7,-16.80159243184454,45.01800720288115,43.75,33,13.048016701461378,26.31578947368421,66.66666666666667,83.33333333333333,2.0,9,3,12,71.82608695652173,50,5,1,14,9,23,1,22,11,13,3,0,0,4,4,0,0,35,14,7,5,35,39,4,1,5,1104,0,0,0,6,16.80159243184454,47.60609357997824,44.285714285714285,42,11.973180076628353,42.857142857142854,100.0,35.714285714285715,1.0,9,3,5,71.82608695652173
S45G01N82,2024-2025,20241213,258,away,70,10,1,12,5,17,0,17,8,15,4,0,0,3,2,1,2,32,12,7,5,30,35,3,2,5,1107,0,0,0,7,-16.80159243184454,45.01800720288115,43.75,33,13.048016701461378,26.31578947368421,66.66666666666667,83.33333333333333,2.0,9,3,12,71.63143631436313,50,5,1,14,9,23,1,22,11,13,3,0,0,4,4,0,0,35,14,7,5,35,39,5,1,5,1107,0,0,0,6,16.80159243184454,47.60609357997824,44.285714285714285,43,11.973180076628353,42.857142857142854,100.0,35.714285714285715,1.0,9,3,5,71.63143631436313
S45G01N82,2024-2025,20241213,259,away,70,10,1,12,5,17,0,17,8,15,4,0,0,3,2,1,2,32,12,7,5,30,35,3,2,5,1121,0,0,0,7,-22.523227300398844,45.01800720288115,43.75,33,13.048016701461378,26.31578947368421,66.66666666666667,83.33333333333333,2.0,12,3,12,71.80731489741302,50,5,1,14,9,23,1,22,11,14,4,0,0,4,4,0,0,36,15,7,5,38,40,5,1,5,1121,0,0,0,6,22.523227300398844,50.317796610169495,47.22222222222222,46,11.693171188026193,42.857142857142854,100.0,33.333333333333336,1.0,12,3,8,71.80731489741302
S45G01N82,2024-2025,20241213,260,away,70,10,1,12,5,17,0,17,8,15,4,0,0,3,2,1,2,32,12,7,5,30,35,3,2,5,1121,0,0,0,7,-22.523227300398844,45.01800720288115,43.75,33,13.048016701461378,26.31578947368421,66.66666666666667,83.33333333333333,2.0,12,3,12,71.80731489741302,50,6,1,14,9,23,1,22,11,14,4,0,0,4,4,0,0,36,15,7,5,38,40,5,1,5,1121,0,0,0,6,22.523227300398844,50.317796610169495,47.22222222222222,47,11.693171188026193,42.857142857142854,100.0,40.0,1.2,12,3,8,71.80731489741302
S45G01N82,2024-2025,20241213,261,away,70,10,1,12,5,17,0,17,8,15,4,0,0,3,2,1,2,32,12,7,5,30,35,3,2,5,1127,0,0,0,7,-22.523227300398844,45.01800720288115,43.75,33,13.048016701461378,26.31578947368421,66.66666666666667,83.33333333333333,2.0,12,3,12,71.42502218278617,50,6,1,14,9,23,1,22,11,14,4,0,0,4,4,0,0,36,15,8,6,38,40,5,1,5,1127,0,0,0,6,22.523227300398844,50.317796610169495,47.22222222222222,47,11.693171188026193,42.857142857142854,100.0,40.0,1.2,12,3,8,71.42502218278617
S45G01N82,2024-2025,20241213,262,away,70,10,1,12,5,17,0,17,8,15,4,0,0,3,2,1,2,32,12,7,5,30,35,3,2,5,1127,0,0,0,7,-22.523227300398844,45.01800720288115,43.75,33,13.048016701461378,26.31578947368421,66.66666666666667,83.33333333333333,2.0,12,3,12,71.42502218278617,50,6,1,14,9,23,1,22,11,14,4,0,0,4,4,0,0,36,15,8,6,38,40,5,1,5,1127,0,0,0,6,22.523227300398844,50.317796610169495,47.22222222222222,47,11.693171188026193,42.857142857142854,100.0,40.0,1.2,12,3,8,71.42502218278617
S45G01N82,2024-2025,20241213,263,away,70,10,1,12,5,17,0,17,8,15,4,0,0,3,2,1,2,32,12,7,5,30,35,3,2,5,1127,0,0,0,7,-22.523227300398844,45.01800720288115,43.75,33,13.048016701461378,26.31578947368421,66.66666666666667,83.33333333333333,2.0,12,3,12,71.42502218278617,50,6,1,14,9,23,1,22,11,14,4,0,0,4,4,0,0,36,15,8,6,38,40,5,1,5,1127,0,0,0,6,22.523227300398844,50.317796610169495,47.22222222222222,47,11.693171188026193,42.857142857142854,100.0,40.0,1.2,12,3,8,71.42502218278617
S45G01N82,2024-2025,20241213,264,away,70,10,1,12,5,17,0,17,8,15,4,0,0,3,2,1,2,32,12,7,5,30,35,3,2,5,1127,0,0,0,7,-22.523227300398844,45.01800720288115,43.75,33,13.048016701461378,26.31578947368421,66.66666666666667,83.33333333333333,2.0,12,3,12,71.42502218278617,50,6,1,14,9,23,1,22,11,14,4,0,0,4,4,0,0,36,15,8,6,38,40,5,1,5,1127,0,0,0,6,22.523227300398844,50.317796610169495,47.22222222222222,47,11.693171188026193,42.857142857142854,100.0,40.0,1.2,12,3,8,71.42502218278617
S45G01N82,2024-2025,20241213,265,away,70,10,1,12,5,17,0,17,8,15,4,0,0,3,2,1,2,32,12,7,5,30,35,3,2,5,1127,0,0,0,7,-22.523227300398844,45.01800720288115,43.75,33,13.048016701461378,26.31578947368421,66.66666666666667,83.33333333333333,2.0,12,3,12,71.42502218278617,50,6,1,14,9,23,1,22,11,14,4,0,0,4,4,0,0,36,15,8,6,38,40,5,1,5,1127,0,0,0,6,22.523227300398844,50.317796610169495,47.22222222222222,47,11.693171188026193,42.857142857142854,100.0,40.0,1.2,12,3,8,71.42502218278617
S45G01N82,2024-2025,20241213,266,away,70,10,1,12,5,17,0,17,8,15,4,0,0,3,2,1,2,32,12,7,5,30,35,3,2,5,1127,0,0,0,7,-22.523227300398844,45.01800720288115,43.75,33,13.048016701461378,26.31578947368421,66.66666666666667,83.33333333333333,2.0,12,3,12,71.42502218278617,50,6,1,14,9,23,1,22,11,14,4,0,0,4,4,0,0,36,15,8,6,38,40,5,1,5,1127,0,0,0,6,22.523227300398844,50.317796610169495,47.22222222222222,47,11.693171188026193,42.857142857142854,100.0,40.0,1.2,12,3,8,71.42502218278617
S45G01N82,2024-2025,20241213,267,away,70,10,1,12,5,17,0,17,8,16,5,0,0,3,2,1,2,33,13,7,5,33,36,3,2,5,1141,0,0,0,7,-16.405395552315,48.07692307692307,46.96969696969697,36,12.71617497456765,26.31578947368421,66.66666666666667,76.92307692307692,2.0,3,3,12,71.60035056967571,50,6,1,14,9,23,1,22,11,14,4,0,0,4,4,0,0,36,15,8,6,38,40,5,1,5,1141,0,0,0,6,16.405395552315,50.317796610169495,47.22222222222222,47,11.693171188026193,42.857142857142854,100.0,40.0,1.2,3,3,8,71.60035056967571
S45G01N82,2024-2025,20241213,268,away,70,11,1,12,5,17,0,17,8,16,5,0,0,3,2,1,2,33,13,7,5,33,36,3,2,5,1141,0,0,0,7,-16.405395552315,48.07692307692307,46.96969696969697,37,12.71617497456765,26.31578947368421,66.66666666666667,84.61538461538461,2.2,3,3,12,71.60035056967571,50,6,1,14,9,23,1,22,11,14,4,0,0,4,4,0,0,36,15,8,6,38,40,5,1,5,1141,0,0,0,6,16.405395552315,50.317796610169495,47.22222222222222,47,11.693171188026193,42.857142857142854,100.0,40.0,1.2,3,3,8,71.60035056967571
S45G01N82,2024-2025,20241213,269,away,70,11,1,12,5,17,0,17,8,16,5,0,0,3,2,1,2,33,13,7,5,33,36,3,2,5,1141,0,0,0,7,-16.405395552315,48.07692307692307,46.96969696969697,37,12.71617497456765,26.31578947368421,66.66666666666667,84.61538461538461,2.2,3,3,12,71.60035056967571,50,6,1,14,9,23,1,22,11,14,4,0,0,4,4,0,0,36,15,8,6,38,40,5,1,5,1141,0,0,0,6,16.405395552315,50.317796610169495,47.22222222222222,47,11.693171188026193,42.857142857142854,100.0,40.0,1.2,3,3,8,71.60035056967571
S45G01N82,2024-2025,20241213,270,away,70,11,1,12,5,17,0,17,8,16,5,0,0,3,2,1,2,33,13,7,5,33,36,3,2,5,1141,0,0,0,7,-16.405395552315,48.07692307692307,46.96969696969697,37,12.71617497456765,26.31578947368421,66.66666666666667,84.61538461538461,2.2,3,3,12,71.60035056967571,50,6,1,14,9,23,1,22,11,14,4,0,0,4,4,0,0,36,15,8,6,38,40,5,1,5,1141,0,0,0,6,16.405395552315,50.317796610169495,47.22222222222222,47,11.693171188026193,42.857142857142854,100.0,40.0,1.2,3,3,8,71.60035056967571
S45G01N82,2024-2025,20241213,271,away,70,11,1,12,5,17,0,17,8,16,5,0,0,3,2,1,2,33,13,7,5,33,36,3,2,5,1141,0,0,0,7,-16.405395552315,48.07692307692307,46.96969696969697,37,12.71617497456765,26.31578947368421,66.66666666666667,84.61538461538461,2.2,3,3,12,71.60035056967571,50,6,1,14,9,23,1,22,11,14,4,0,0,4,4,0,0,36,15,8,6,38,40,5,1,5,1141,0,0,0,6,16.405395552315,50.317796610169495,47.22222222222222,47,11.693171188026193,42.857142857142854,100.0,40.0,1.2,3,3,8,71.60035056967571
S45G01N82,2024-2025,20241213,272,away,70,11,1,12,5,17,0,17,8,16,5,0,0,3,2,1,2,33,13,7,5,33,36,3,2,5,1157,0,0,0,7,-13.167212534301157,48.07692307692307,46.96969696969697,37,12.71617497456765,26.31578947368421,66.66666666666667,84.61538461538461,2.2,3,3,12,71.64736387208296,50,6,1,14,9,23,1,23,11,14,4,0,0,4,4,0,0,37,15,8,6,38,41,5,1,5,1157,0,0,0,6,13.167212534301157,49.01960784313726,45.945945945945944,46,11.425959780621573,42.857142857142854,100.0,40.0,1.2,3,3,8,71.64736387208296
S45G01N82,2024-2025,20241213,273,away,70,11,1,13,5,18,0,17,8,16,5,0,0,3,2,1,2,33,13,7,5,33,36,3,2,5,1159,0,0,0,7,-13.167212534301157,48.07692307692307,46.96969696969697,38,12.71617497456765,26.31578947368421,66.66666666666667,84.61538461538461,2.2,3,3,12,71.5237273511648,50,6,1,14,9,23,1,23,11,14,4,0,0,4,4,0,0,37,15,8,6,38,41,5,1,5,1159,0,0,0,6,13.167212534301157,49.01960784313726,45.945945945945944,46,11.425959780621573,40.90909090909091,100.0,40.0,1.2,3,3,8,71.5237273511648
S45G01N82,2024-2025,20241213,274,away,70,11,1,13,5,18,0,17,8,16,5,0,0,3,2,1,2,33,13,8,6,33,36,3,2,5,1170,0,0,0,7,-13.167212534301157,48.07692307692307,46.96969696969697,38,12.71617497456765,26.31578947368421,66.66666666666667,84.61538461538461,2.2,3,3,12,70.85128205128204,50,6,1,14,9,23,1,23,11,14,4,0,0,4,4,0,0,37,15,8,6,38,41,5,1,5,1170,0,0,0,6,13.167212534301157,49.01960784313726,45.945945945945944,46,11.425959780621573,40.90909090909091,100.0,40.0,1.2,3,3,8,70.85128205128204
S45G01N82,2024-2025,20241213,275,away,70,11,1,13,5,18,0,17,8,16,5,0,0,3,2,1,2,33,13,8,6,33,36,3,2,5,1170,0,0,0,7,-13.167212534301157,48.07692307692307,46.96969696969697,38,12.71617497456765,26.31578947368421,66.66666666666667,84.61538461538461,2.2,3,3,12,70.85128205128204,50,6,1,14,9,23,1,23,11,14,4,0,0,4,4,0,0,37,15,8,6,38,41,5,1,5,1170,0,0,0,6,13.167212534301157,49.01960784313726,45.945945945945944,46,11.425959780621573,40.90909090909091,100.0,40.0,1.2,3,3,8,70.85128205128204
S45G01N82,2024-2025,20241213,276,away,70,11,1,13,5,18,0,17,8,16,5,0,0,3,2,1,2,33,13,8,6,33,36,3,2,6,1170,0,0,0,8,-15.889575109438354,48.07692307692307,46.96969696969697,37,14.880952380952381,26.31578947368421,66.66666666666667,84.61538461538461,1.8333333333333333,3,3,12,71.87692307692306,50,6,1,14,9,23,1,23,11,14,4,0,0,4,4,0,0,37,15,8,6,38,41,5,1,5,1170,0,0,0,6,15.889575109438354,49.01960784313726,45.945945945945944,46,11.425959780621573,40.90909090909091,100.0,40.0,1.2,3,3,8,71.87692307692306
S45G01N82,2024-2025,20241213,277,away,70,11,1,13,5,18,0,17,8,16,5,0,0,3,2,1,2,33,13,8,6,33,36,3,2,6,1170,0,0,0,8,-15.889575109438354,48.07692307692307,46.96969696969697,37,14.880952380952381,26.31578947368421,66.66666666666667,84.61538461538461,1.8333333333333333,3,3,12,71.87692307692306,50,6,1,14,9,23,1,23,11,14,4,0,0,4,4,0,0,37,15,8,6,38,41,5,1,5,1170,0,0,0,6,15.889575109438354,49.01960784313726,45.945945945945944,46,11.425959780621573,40.90909090909091,100.0,40.0,1.2,3,3,8,71.87692307692306
S45G01N82,2024-2025,20241213,278,away,70,11,1,13,5,18,0,17,8,16,5,0,0,3,2,1,2,33,13,8,6,33,36,3,2,6,1192,0,0,0,8,-12.832498524199337,48.07692307692307,46.96969696969697,37,14.880952380952381,26.31578947368421,66.66666666666667,84.61538461538461,1.8333333333333333,3,3,12,71.55704697986577,50,6,1,14,9,23,1,23,11,15,4,0,0,4,4,0,0,38,15,8,6,38,42,5,1,5,1192,0,0,0,6,12.832498524199337,47.78672032193159,44.73684210526316,45,11.170688114387847,40.90909090909091,100.0,40.0,1.2,3,3,8,71.55704697986577
S45G01N82,2024-2025,20241213,279,away,70,11,1,14,5,19,0,17,8,16,5,0,0,3,2,1,2,33,13,8,6,33,36,3,2,6,1195,0,0,0,8,-12.832498524199337,48.07692307692307,46.96969696969697,38,14.880952380952381,26.31578947368421,66.66666666666667,84.61538461538461,1.8333333333333333,3,3,12,71.37740585774058,50,6,1,14,9,23,1,23,11,15,4,0,0,4,4,0,0,38,15,8,6,38,42,5,1,5,1195,0,0,0,6,12.832498524199337,47.78672032193159,44.73684210526316,45,11.170688114387847,39.130434782608695,100.0,40.0,1.2,3,3,8,71.37740585774058
S45G01N82,2024-2025,20241213,280,away,70,11,1,14,5,19,0,18,8,16,5,0,0,3,2,1,2,34,13,8,6,33,37,3,2,6,1199,0,0,0,8,-15.404951265903875,46.715741789354475,45.588235294117645,37,14.52081316553727,26.31578947368421,66.66666666666667,84.61538461538461,1.8333333333333333,3,3,12,72.14011676396997,50,6,1,14,9,23,1,23,11,15,4,0,0,4,4,0,0,38,15,8,6,38,42,5,1,5,1199,0,0,0,6,15.404951265903875,47.78672032193159,44.73684210526316,45,11.170688114387847,39.130434782608695,100.0,40.0,1.2,3,3,8,72.14011676396997
S45G01N82,2024-2025,20241213,281,away,70,11,1,14,5,19,0,18,8,16,5,0,0,3,2,1,2,34,13,8,6,33,37,3,2,6,1199,0,0,0,8,-15.404951265903875,46.715741789354475,45.588235294117645,37,14.52081316553727,26.31578947368421,66.66666666666667,84.61538461538461,1.8333333333333333,3,3,12,72.14011676396997,50,6,1,14,9,23,1,23,11,15,4,0,0,4,4,0,0,38,15,8,6,38,42,5,1,5,1199,0,0,0,6,15.404951265903875,47.78672032193159,44.73684210526316,45,11.170688114387847,39.130434782608695,100.0,40.0,1.2,3,3,8,72.14011676396997
S45G01N82,2024-2025,20241213,282,away,70,11,1,14,5,19,0,18,8,16,5,0,0,3,2,1,2,34,13,8,6,33,37,3,2,6,1200,0,0,0,8,-15.404951265903875,46.715741789354475,45.588235294117645,37,14.52081316553727,26.31578947368421,66.66666666666667,84.61538461538461,1.8333333333333333,3,3,12,72.08,50,6,1,14,9,23,1,23,11,15,4,0,0,4,4,0,0,38,15,8,6,38,42,5,1,5,1200,0,0,0,6,15.404951265903875,47.78672032193159,44.73684210526316,45,11.170688114387847,39.130434782608695,100.0,40.0,1.2,3,3,8,72.08
S45G01N82,2024-2025,20241213,283,away,70,11,1,14,5,19,0,18,8,16,5,0,0,3,2,1,2,34,13,8,6,33,37,3,2,6,1200,0,0,0,8,-15.404951265903875,46.715741789354475,45.588235294117645,37,14.52081316553727,26.31578947368421,66.66666666666667,84.61538461538461,1.8333333333333333,3,3,12,72.08,50,6,1,14,9,23,1,23,11,15,4,0,0,4,4,0,0,38,15,8,6,38,42,5,1,5,1200,0,0,0,6,15.404951265903875,47.78672032193159,44.73684210526316,45,11.170688114387847,39.130434782608695,100.0,40.0,1.2,3,3,8,72.08
S45G01N82,2024-2025,20241213,284,away,70,11,1,14,5,19,0,18,8,16,5,0,0,3,2,1,2,34,13,8,6,33,37,3,2,6,1200,0,0,0,8,-15.404951265903875,46.715741789354475,45.588235294117645,37,14.52081316553727,26.31578947368421,66.66666666666667,84.61538461538461,1.8333333333333333,3,3,12,72.08,50,6,1,14,9,23,1,23,11,15,4,0,0,4,4,0,0,38,15,8,6,38,42,5,1,5,1200,0,0,0,6,15.404951265903875,47.78672032193159,44.73684210526316,45,11.170688114387847,39.130434782608695,100.0,40.0,1.2,3,3,8,72.08
S45G01N82,2024-2025,20241213,285,away,70,11,1,14,5,19,0,18,8,16,5,0,0,3,2,1,2,34,13,8,6,33,37,3,2,6,1200,0,0,0,8,-15.404951265903875,46.715741789354475,45.588235294117645,37,14.52081316553727,26.31578947368421,66.66666666666667,84.61538461538461,1.8333333333333333,3,3,12,72.08,50,6,1,14,9,23,1,23,11,15,4,0,0,4,4,0,0,38,15,8,6,38,42,5,1,5,1200,0,0,0,6,15.404951265903875,47.78672032193159,44.73684210526316,45,11.170688114387847,39.130434782608695,100.0,40.0,1.2,3,3,8,72.08
S45G01N82,2024-2025,20241213,286,away,70,11,1,14,5,19,0,18,8,16,5,0,0,3,2,1,2,34,13,8,6,33,37,3,2,6,1200,0,0,0,8,-15.404951265903875,46.715741789354475,45.588235294117645,37,14.52081316553727,26.31578947368421,66.66666666666667,84.61538461538461,1.8333333333333333,3,3,12,72.08,50,6,1,14,9,23,1,23,11,15,4,0,0,4,4,0,0,38,15,8,6,38,42,5,1,5,1200,0,0,0,6,15.404951265903875,47.78672032193159,44.73684210526316,45,11.170688114387847,39.130434782608695,100.0,40.0,1.2,3,3,8,72.08
S45G01N82,2024-2025,20241213,287,away,70,11,1,14,5,19,0,18,8,16,5,0,0,3,2,1,2,34,13,8,6,33,37,3,2,6,1200,0,0,0,8,-15.404951265903875,46.715741789354475,45.588235294117645,37,14.52081316553727,26.31578947368421,66.66666666666667,84.61538461538461,1.8333333333333333,3,3,12,72.08,50,6,1,14,9,23,1,23,11,15,4,0,0,4,4,0,0,38,15,8,6,38,42,5,1,5,1200,0,0,0,6,15.404951265903875,47.78672032193159,44.73684210526316,45,11.170688114387847,39.130434782608695,100.0,40.0,1.2,3,3,8,72.08
S45G01N82,2024-2025,20241213,288,away,70,11,1,14,5,19,0,18,8,16,5,0,0,3,2,1,2,34,13,8,6,33,37,3,2,6,1200,0,0,0,8,-15.404951265903875,46.715741789354475,45.588235294117645,37,14.52081316553727,26.31578947368421,66.66666666666667,84.61538461538461,1.8333333333333333,3,3,12,72.08,50,6,1,14,9,23,1,23,11,15,4,0,0,4,4,0,0,38,15,8,6,38,42,5,1,5,1200,0,0,0,6,15.404951265903875,47.78672032193159,44.73684210526316,45,11.170688114387847,39.130434782608695,100.0,40.0,1.2,3,3,8,72.08
S45G01N82,2024-2025,20241213,289,away,70,11,1,14,5,19,0,18,8,16,5,0,0,3,2,1,2,34,13,8,6,33,37,3,2,6,1200,0,0,0,8,-15.404951265903875,46.715741789354475,45.588235294117645,37,14.52081316553727,26.31578947368421,66.66666666666667,84.61538461538461,1.8333333333333333,3,3,12,72.08,50,6,1,14,9,23,1,23,11,15,4,0,0,4,4,0,0,38,15,8,6,38,42,5,1,5,1200,0,0,0,6,15.404951265903875,47.78672032193159,44.73684210526316,45,11.170688114387847,39.130434782608695,100.0,40.0,1.2,3,3,8,72.08
S45G01N82,2024-2025,20241213,290,away,70,11,1,14,5,19,0,18,8,16,5,0,0,3,2,1,2,34,13,8,6,33,37,3,2,6,1200,0,0,0,8,-15.404951265903875,46.715741789354475,45.588235294117645,37,14.52081316553727,26.31578947368421,66.66666666666667,84.61538461538461,1.8333333333333333,3,3,12,72.08,50,6,1,14,9,23,1,23,11,15,4,0,0,4,4,0,0,38,15,8,6,38,42,5,1,5,1200,0,0,0,6,15.404951265903875,47.78672032193159,44.73684210526316,45,11.170688114387847,39.130434782608695,100.0,40.0,1.2,3,3,8,72.08
S45G01N82,2024-2025,20241213,291,away,70,11,1,14,5,19,0,18,8,16,5,0,0,3,2,1,2,34,13,8,6,33,37,3,2,6,1200,0,0,0,8,-15.404951265903875,46.715741789354475,45.588235294117645,37,14.52081316553727,26.31578947368421,66.66666666666667,84.61538461538461,1.8333333333333333,3,3,12,72.08,50,6,1,14,9,23,1,23,11,15,4,0,0,4,4,0,0,38,15,8,6,38,42,5,1,5,1200,0,0,0,6,15.404951265903875,47.78672032193159,44.73684210526316,45,11.170688114387847,39.130434782608695,100.0,40.0,1.2,3,3,8,72.08
S45G01N82,2024-2025,20241213,292,away,70,11,1,14,5,19,0,18,8,16,5,0,0,3,2,1,2,34,13,8,6,33,37,3,2,6,1200,0,0,0,8,-15.404951265903875,46.715741789354475,45.588235294117645,37,14.52081316553727,26.31578947368421,66.66666666666667,84.61538461538461,1.8333333333333333,3,3,12,72.08,50,6,1,14,9,23,1,23,11,15,4,0,0,4,4,0,0,38,15,8,6,38,42,5,1,5,1200,0,0,0,6,15.404951265903875,47.78672032193159,44.73684210526316,45,11.170688114387847,39.130434782608695,100.0,40.0,1.2,3,3,8,72.08
S45G01N82,2024-2025,20241213,293,away,70,11,1,14,5,19,0,18,8,16,5,0,0,3,2,1,2,34,13,8,6,33,37,3,2,6,1200,0,0,0,8,-15.404951265903875,46.715741789354475,45.588235294117645,37,14.52081316553727,26.31578947368421,66.66666666666667,84.61538461538461,1.8333333333333333,3,3,12,72.08,50,6,1,14,9,23,1,23,11,15,4,0,0,4,4,0,0,38,15,8,6,38,42,5,1,5,1200,0,0,0,6,15.404951265903875,47.78672032193159,44.73684210526316,45,11.170688114387847,39.130434782608695,100.0,40.0,1.2,3,3,8,72.08
S45G01N82,2024-2025,20241213,294,away,70,11,1,14,5,19,0,18,8,16,5,0,0,3,2,1,2,34,13,8,6,33,37,3,2,6,1200,0,0,0,8,-15.404951265903875,46.715741789354475,45.588235294117645,37,14.52081316553727,26.31578947368421,66.66666666666667,84.61538461538461,1.8333333333333333,3,3,12,72.08,50,6,1,14,9,23,1,23,11,15,4,0,0,4,4,0,0,38,15,8,6,38,42,5,1,5,1200,0,0,0,6,15.404951265903875,47.78672032193159,44.73684210526316,45,11.170688114387847,39.130434782608695,100.0,40.0,1.2,3,3,8,72.08
S45G01N82,2024-2025,20241213,295,away,70,11,1,14,5,19,0,18,8,16,5,0,0,3,2,1,2,34,13,8,6,33,37,3,2,6,1200,0,0,0,8,-15.404951265903875,46.715741789354475,45.588235294117645,37,14.52081316553727,26.31578947368421,66.66666666666667,84.61538461538461,1.8333333333333333,3,3,12,72.08,50,6,1,14,9,23,1,23,11,15,4,0,0,4,4,0,0,38,15,8,6,38,42,5,1,5,1200,0,0,0,6,15.404951265903875,47.78672032193159,44.73684210526316,45,11.170688114387847,39.130434782608695,100.0,40.0,1.2,3,3,8,72.08
S45G01N82,2024-2025,20241213,296,away,70,11,1,14,5,19,0,18,8,16,5,0,0,3,2,1,2,34,13,8,6,33,37,3,2,6,1200,0,0,0,8,-15.404951265903875,46.715741789354475,45.588235294117645,37,14.52081316553727,26.31578947368421,66.66666666666667,84.61538461538461,1.8333333333333333,3,3,12,72.08,50,6,1,14,9,23,1,23,11,15,4,0,0,4,4,0,0,38,15,8,6,38,42,5,1,5,1200,0,0,0,6,15.404951265903875,47.78672032193159,44.73684210526316,45,11.170688114387847,39.130434782608695,100.0,40.0,1.2,3,3,8,72.08
S45G01N82,2024-2025,20241213,297,away,70,11,1,14,5,19,0,18,8,16,5,0,0,3,2,1,2,34,13,8,6,33,37,3,2,6,1200,0,0,0,8,-15.404951265903875,46.715741789354475,45.588235294117645,37,14.52081316553727,26.31578947368421,66.66666666666667,84.61538461538461,1.8333333333333333,3,3,12,72.08,50,6,1,14,9,23,1,23,11,15,4,0,0,4,4,0,0,38,15,8,6,38,42,5,1,5,1200,0,0,0,6,15.404951265903875,47.78672032193159,44.73684210526316,45,11.170688114387847,39.130434782608695,100.0,40.0,1.2,3,3,8,72.08
S45G01N82,2024-2025,20241213,298,away,70,11,1,14,5,19,0,18,8,16,5,0,0,3,2,1,2,34,13,8,6,33,37,3,2,6,1200,0,0,0,8,-15.404951265903875,46.715741789354475,45.588235294117645,37,14.52081316553727,26.31578947368421,66.66666666666667,84.61538461538461,1.8333333333333333,3,3,12,72.08,50,6,1,14,9,23,1,23,11,15,4,0,0,4,4,0,0,38,15,8,6,38,42,5,1,5,1200,0,0,0,6,15.404951265903875,47.78672032193159,44.73684210526316,45,11.170688114387847,39.130434782608695,100.0,40.0,1.2,3,3,8,72.08
S45G01N82,2024-2025,20241213,299,away,70,11,1,14,5,19,0,18,8,16,5,0,0,3,2,1,2,34,13,8,6,33,37,3,2,6,1200,0,0,0,8,-15.404951265903875,46.715741789354475,45.588235294117645,37,14.52081316553727,26.31578947368421,66.66666666666667,84.61538461538461,1.8333333333333333,3,3,12,72.08,50,6,1,14,9,23,1,23,11,15,4,0,0,4,4,0,0,38,15,8,6,38,42,5,1,5,1200,0,0,0,6,15.404951265903875,47.78672032193159,44.73684210526316,45,11.170688114387847,39.130434782608695,100.0,40.0,1.2,3,3,8,72.08
S45G01N82,2024-2025,20241213,300,away,70,11,1,14,5,19,0,18,8,16,5,0,0,3,2,1,2,34,13,8,6,33,37,3,2,6,1200,0,0,0,8,-15.404951265903875,46.715741789354475,45.588235294117645,37,14.52081316553727,26.31578947368421,66.66666666666667,84.61538461538461,1.8333333333333333,3,3,12,72.08,50,6,1,14,9,23,1,23,11,15,4,0,0,4,4,0,0,38,15,8,6,38,42,5,1,5,1200,0,0,0,6,15.404951265903875,47.78672032193159,44.73684210526316,45,11.170688114387847,39.130434782608695,100.0,40.0,1.2,3,3,8,72.08
S45G01N82,2024-2025,20241213,301,away,70,11,1,14,5,19,0,18,8,16,5,0,0,3,2,1,2,34,13,8,6,33,37,3,2,6,1200,0,0,0,8,-15.404951265903875,46.715741789354475,45.588235294117645,37,14.52081316553727,26.31578947368421,66.66666666666667,84.61538461538461,1.8333333333333333,3,3,12,72.08,50,6,1,14,9,23,1,23,11,15,4,0,0,4,4,0,0,38,15,8,6,38,42,5,1,5,1200,0,0,0,6,15.404951265903875,47.78672032193159,44.73684210526316,45,11.170688114387847,39.130434782608695,100.0,40.0,1.2,3,3,8,72.08
S45G01N82,2024-2025,20241213,302,away,70,11,1,14,5,19,0,18,8,16,5,0,0,3,2,1,2,34,13,8,6,33,37,3,2,6,1200,0,0,0,8,-15.404951265903875,46.715741789354475,45.588235294117645,37,14.52081316553727,26.31578947368421,66.66666666666667,84.61538461538461,1.8333333333333333,3,3,12,72.08,50,6,1,14,9,23,1,23,11,15,4,0,0,4,4,0,0,38,15,8,6,38,42,5,1,5,1200,0,0,0,6,15.404951265903875,47.78672032193159,44.73684210526316,45,11.170688114387847,39.130434782608695,100.0,40.0,1.2,3,3,8,72.08
S45G01N82,2024-2025,20241213,303,away,70,11,1,14,5,19,0,18,8,16,5,0,0,3,2,1,2,34,13,8,6,33,37,3,2,6,1200,0,0,0,8,-15.404951265903875,46.715741789354475,45.588235294117645,37,14.52081316553727,26.31578947368421,66.66666666666667,84.61538461538461,1.8333333333333333,3,3,12,72.08,50,6,1,14,9,23,1,23,11,15,4,0,0,4,4,0,0,38,15,8,6,38,42,5,1,5,1200,0,0,0,6,15.404951265903875,47.78672032193159,44.73684210526316,45,11.170688114387847,39.130434782608695,100.0,40.0,1.2,3,3,8,72.08
S45G01N82,2024-2025,20241213,304,away,70,11,1,14,5,19,0,18,8,16,5,0,0,3,2,1,2,34,13,8,6,33,37,3,2,6,1200,0,0,0,8,-15.404951265903875,46.715741789354475,45.588235294117645,37,14.52081316553727,26.31578947368421,66.66666666666667,84.61538461538461,1.8333333333333333,3,3,12,72.08,50,6,1,14,9,23,1,23,11,15,4,0,0,4,4,0,0,38,15,8,6,38,42,5,1,5,1200,0,0,0,6,15.404951265903875,47.78672032193159,44.73684210526316,45,11.170688114387847,39.130434782608695,100.0,40.0,1.2,3,3,8,72.08
S45G01N82,2024-2025,20241213,305,away,70,11,1,14,5,19,0,18,8,16,5,0,0,3,2,1,2,34,13,8,6,33,37,3,2,6,1200,0,0,0,8,-15.404951265903875,46.715741789354475,45.588235294117645,37,14.52081316553727,26.31578947368421,66.66666666666667,84.61538461538461,1.8333333333333333,3,3,12,72.08,50,6,1,14,9,23,1,23,11,15,4,0,0,4,4,0,0,38,15,8,6,38,42,5,1,5,1200,0,0,0,6,15.404951265903875,47.78672032193159,44.73684210526316,45,11.170688114387847,39.130434782608695,100.0,40.0,1.2,3,3,8,72.08
S45G01N82,2024-2025,20241213,306,away,70,11,1,14,5,19,0,18,8,16,5,0,0,3,2,1,2,34,13,8,6,33,37,3,2,6,1200,0,0,0,8,-15.404951265903875,46.715741789354475,45.588235294117645,37,14.52081316553727,26.31578947368421,66.66666666666667,84.61538461538461,1.8333333333333333,3,3,12,72.08,50,6,1,14,9,23,1,23,11,15,4,0,0,4,4,0,0,38,15,8,6,38,42,5,1,5,1200,0,0,0,6,15.404951265903875,47.78672032193159,44.73684210526316,45,11.170688114387847,39.130434782608695,100.0,40.0,1.2,3,3,8,72.08
S45G01N82,2024-2025,20241213,307,away,70,11,1,14,5,19,0,18,8,16,5,0,0,3,2,1,2,34,13,8,6,33,37,3,2,6,1200,0,0,0,8,-15.404951265903875,46.715741789354475,45.588235294117645,37,14.52081316553727,26.31578947368421,66.66666666666667,84.61538461538461,1.8333333333333333,3,3,12,72.08,50,6,1,14,9,23,1,23,11,15,4,0,0,4,4,0,0,38,15,8,6,38,42,5,1,5,1200,0,0,0,6,15.404951265903875,47.78672032193159,44.73684210526316,45,11.170688114387847,39.130434782608695,100.0,40.0,1.2,3,3,8,72.08
S45G01N82,2024-2025,20241213,308,away,70,11,1,14,5,19,0,18,8,16,5,0,0,3,2,1,2,34,13,8,6,33,37,3,2,6,1200,0,0,0,8,-15.404951265903875,46.715741789354475,45.588235294117645,37,14.52081316553727,26.31578947368421,66.66666666666667,84.61538461538461,1.8333333333333333,3,3,12,72.08,50,6,1,14,9,23,1,23,11,15,4,0,0,4,4,0,0,38,15,8,6,38,42,5,1,5,1200,0,0,0,6,15.404951265903875,47.78672032193159,44.73684210526316,45,11.170688114387847,39.130434782608695,100.0,40.0,1.2,3,3,8,72.08
S45G01N82,2024-2025,20241213,309,away,70,11,1,14,5,19,0,18,8,16,5,0,0,3,2,1,2,34,13,8,6,33,37,3,2,6,1200,0,0,0,8,-15.404951265903875,46.715741789354475,45.588235294117645,37,14.52081316553727,26.31578947368421,66.66666666666667,84.61538461538461,1.8333333333333333,3,3,12,72.08,50,6,1,14,9,23,1,23,11,15,4,0,0,4,4,0,0,38,15,8,6,38,42,5,1,5,1200,0,0,0,6,15.404951265903875,47.78672032193159,44.73684210526316,45,11.170688114387847,39.130434782608695,100.0,40.0,1.2,3,3,8,72.08
S45G01N82,2024-2025,20241213,310,away,70,11,1,14,5,19,0,18,8,16,5,0,0,3,2,1,2,34,13,8,6,33,37,3,2,6,1200,0,0,0,8,-15.404951265903875,46.715741789354475,45.588235294117645,37,14.52081316553727,26.31578947368421,66.66666666666667,84.61538461538461,1.8333333333333333,3,3,12,72.08,50,6,1,14,9,23,1,23,11,15,4,0,0,4,4,0,0,38,15,8,6,38,42,5,1,5,1200,0,0,0,6,15.404951265903875,47.78672032193159,44.73684210526316,45,11.170688114387847,39.130434782608695,100.0,40.0,1.2,3,3,8,72.08
S45G01N82,2024-2025,20241213,311,away,70,11,1,14,5,19,0,19,8,16,5,0,0,3,2,1,2,35,13,8,6,33,38,3,2,6,1219,0,0,0,8,-17.83954480387291,45.429515418502206,44.285714285714285,36,14.177693761814744,26.31578947368421,66.66666666666667,84.61538461538461,1.8333333333333333,3,3,12,71.94093519278097,50,6,1,14,9,23,1,23,11,15,4,0,0,4,4,0,0,38,15,8,6,38,42,5,1,5,1219,0,0,0,6,17.83954480387291,47.78672032193159,44.73684210526316,45,11.170688114387847,39.130434782608695,100.0,40.0,1.2,3,3,8,71.94093519278097
S45G01N82,2024-2025,20241213,312,away,70,11,1,14,5,19,0,19,8,16,5,0,0,3,2,1,2,35,13,8,6,33,38,3,2,6,1220,0,0,0,8,-17.83954480387291,45.429515418502206,44.285714285714285,36,14.177693761814744,25.0,66.66666666666667,84.61538461538461,1.8333333333333333,3,3,12,71.88196721311475,50,6,1,15,9,24,1,23,11,15,4,0,0,4,4,0,0,38,15,8,6,38,42,5,1,5,1220,0,0,0,6,17.83954480387291,47.78672032193159,44.73684210526316,46,11.170688114387847,39.130434782608695,100.0,40.0,1.2,3,3,8,71.88196721311475
S45G01N82,2024-2025,20241213,313,away,70,11,1,14,5,19,0,19,8,16,5,0,0,3,2,1,2,35,13,8,6,33,38,3,2,6,1239,0,0,0,8,-20.389490883772027,45.429515418502206,44.285714285714285,36,14.177693761814744,25.0,66.66666666666667,84.61538461538461,1.8333333333333333,2,3,12,71.74818401937046,50,6,1,15,9,24,1,24,12,15,4,0,0,4,4,0,0,39,16,8,6,40,43,5,1,5,1239,0,0,0,6,20.389490883772027,49.06771344455348,46.15384615384615,48,10.926573426573427,39.130434782608695,100.0,37.5,1.2,2,3,8,71.74818401937046
S45G01N82,2024-2025,20241213,314,away,70,11,1,14,5,19,0,19,8,16,5,0,0,3,2,1,2,35,13,8,6,33,38,3,2,6,1239,0,0,0,8,-20.389490883772027,45.429515418502206,44.285714285714285,36,14.177693761814744,25.0,66.66666666666667,84.61538461538461,1.8333333333333333,2,3,12,71.74818401937046,50,7,1,15,9,24,1,24,12,15,4,0,0,4,4,0,0,39,16,8,6,40,43,5,1,5,1239,0,0,0,6,20.389490883772027,49.06771344455348,46.15384615384615,49,10.926573426573427,39.130434782608695,100.0,43.75,1.4,2,3,8,71.74818401937046
S45G01N82,2024-2025,20241213,315,away,70,11,1,14,5,19,0,20,8,16,5,0,0,3,2,1,2,36,13,8,6,33,39,3,2,6,1256,0,0,0,8,-22.6970179531623,44.21221864951769,43.05555555555556,35,13.850415512465373,25.0,66.66666666666667,84.61538461538461,1.8333333333333333,2,3,12,71.73248407643312,50,7,1,15,9,24,1,24,12,15,4,0,0,4,4,0,0,39,16,8,6,40,43,5,1,5,1256,0,0,0,6,22.6970179531623,49.06771344455348,46.15384615384615,49,10.926573426573427,39.130434782608695,100.0,43.75,1.4,2,3,8,71.73248407643312
S45G01N82,2024-2025,20241213,316,away,70,11,1,14,5,19,0,20,8,16,5,0,0,3,2,1,2,36,13,8,6,33,39,3,2,6,1258,0,0,0,8,-22.6970179531623,44.21221864951769,43.05555555555556,35,13.850415512465373,23.80952380952381,66.66666666666667,84.61538461538461,1.8333333333333333,2,3,12,71.61844197138315,50,7,1,16,9,25,1,24,12,15,4,0,0,4,4,0,0,39,16,8,6,40,43,5,1,5,1258,0,0,0,6,22.6970179531623,49.06771344455348,46.15384615384615,50,10.926573426573427,39.130434782608695,100.0,43.75,1.4,2,3,8,71.61844197138315
S45G01N82,2024-2025,20241213,317,away,70,11,1,14,5,19,0,20,8,16,5,0,0,3,2,1,2,36,13,8,6,33,39,3,2,6,1274,0,0,0,8,-19.81529316018542,44.21221864951769,43.05555555555556,35,13.850415512465373,23.80952380952381,66.66666666666667,84.61538461538461,1.8333333333333333,2,3,12,71.66091051805337,50,7,1,16,9,25,1,24,12,16,4,0,0,4,4,0,0,40,16,8,6,40,44,5,1,5,1274,0,0,0,6,19.81529316018542,47.89272030651341,45.0,49,10.6928999144568,39.130434782608695,100.0,43.75,1.4,2,3,8,71.66091051805337
S45G01N82,2024-2025,20241213,318,away,70,11,1,15,5,20,0,20,8,16,5,0,0,3,2,1,2,36,13,8,6,33,39,3,2,6,1275,0,0,0,8,-19.81529316018542,44.21221864951769,43.05555555555556,36,13.850415512465373,23.80952380952381,66.66666666666667,84.61538461538461,1.8333333333333333,2,3,12,71.60470588235295,50,7,1,16,9,25,1,24,12,16,4,0,0,4,4,0,0,40,16,8,6,40,44,5,1,5,1275,0,0,0,6,19.81529316018542,47.89272030651341,45.0,49,10.6928999144568,37.5,100.0,43.75,1.4,2,3,8,71.60470588235295
S45G01N82,2024-2025,20241213,319,away,70,11,1,15,5,20,0,21,8,16,5,0,0,3,2,1,2,37,13,8,6,33,40,3,2,6,1280,0,0,0,8,-22.005448557684034,43.05845511482255,41.891891891891895,35,13.537906137184116,23.80952380952381,66.66666666666667,84.61538461538461,1.8333333333333333,2,3,12,72.2625,50,7,1,16,9,25,1,24,12,16,4,0,0,4,4,0,0,40,16,8,6,40,44,5,1,5,1280,0,0,0,6,22.005448557684034,47.89272030651341,45.0,49,10.6928999144568,37.5,100.0,43.75,1.4,2,3,8,72.2625
S45G01N82,2024-2025,20241213,320,away,70,11,1,15,5,20,0,21,8,16,5,0,0,3,2,1,2,37,13,8,6,33,40,3,2,6,1279,0,0,0,8,-22.005448557684034,43.05845511482255,41.891891891891895,35,13.537906137184116,23.80952380952381,66.66666666666667,84.61538461538461,1.8333333333333333,2,3,12,72.31899921813917,50,7,2,16,9,25,1,24,12,16,4,0,0,4,4,0,0,40,16,8,6,40,44,5,1,5,1279,0,0,0,6,22.005448557684034,47.89272030651341,45.0,50,10.6928999144568,37.5,100.0,43.75,1.4,2,3,8,72.31899921813917
S45G01N82,2024-2025,20241213,321,away,70,11,1,15,5,20,1,21,8,16,5,0,0,3,2,1,2,37,13,8,6,33,40,3,2,6,1279,0,0,0,8,-22.005448557684034,43.05845511482255,41.891891891891895,36,13.537906137184116,23.80952380952381,66.66666666666667,84.61538461538461,1.8333333333333333,2,3,12,72.31899921813917,50,7,2,16,9,25,1,24,12,16,4,0,0,4,4,0,0,40,16,8,6,40,44,5,1,5,1279,0,0,0,6,22.005448557684034,47.89272030651341,45.0,50,10.6928999144568,37.5,100.0,43.75,1.4,2,3,8,72.31899921813917
S45G01N82,2024-2025,20241213,322,away,70,11,1,15,5,20,1,22,8,16,5,0,0,3,2,1,2,38,13,8,6,33,41,3,2,6,1298,0,0,0,8,-24.08696529459243,41.96337741607324,40.78947368421053,35,13.23918799646955,23.80952380952381,66.66666666666667,84.61538461538461,1.8333333333333333,2,3,12,72.18489984591679,50,7,2,16,9,25,1,24,12,16,4,0,0,4,4,0,0,40,16,8,6,40,44,5,1,5,1298,0,0,0,6,24.08696529459243,47.89272030651341,45.0,50,10.6928999144568,37.5,100.0,43.75,1.4,2,3,8,72.18489984591679
S45G01N82,2024-2025,20241213,323,away,70,11,1,15,5,20,1,22,8,16,5,0,0,3,2,1,2,38,13,8,6,33,41,3,2,6,1299,0,0,0,8,-24.08696529459243,41.96337741607324,40.78947368421053,35,13.23918799646955,22.727272727272727,66.66666666666667,84.61538461538461,1.8333333333333333,2,3,12,72.12933025404156,50,7,2,17,9,26,1,24,12,16,4,0,0,4,4,0,0,40,16,8,6,40,44,5,1,5,1299,0,0,0,6,24.08696529459243,47.89272030651341,45.0,51,10.6928999144568,37.5,100.0,43.75,1.4,2,3,8,72.12933025404156
S45G01N82,2024-2025,20241213,324,away,70,11,1,15,5,20,1,22,8,16,5,0,0,3,2,1,2,38,13,8,6,33,41,3,2,6,1302,0,0,0,8,-21.353936311366667,41.96337741607324,40.78947368421053,35,13.23918799646955,22.727272727272727,66.66666666666667,84.61538461538461,1.8333333333333333,2,3,12,72.88479262672811,50,7,2,17,9,26,1,24,12,16,4,0,0,4,4,0,0,40,16,8,6,40,44,5,1,6,1302,0,0,0,7,21.353936311366667,47.89272030651341,45.0,50,12.56281407035176,37.5,100.0,43.75,1.1666666666666667,2,3,8,72.88479262672811
S45G01N82,2024-2025,20241213,325,away,70,11,1,15,5,20,1,22,8,16,5,0,0,3,2,1,2,38,13,8,6,33,41,4,2,6,1304,0,0,0,8,-21.353936311366667,41.96337741607324,40.78947368421053,36,13.23918799646955,22.727272727272727,66.66666666666667,84.61538461538461,1.8333333333333333,2,3,12,72.77300613496932,50,7,2,17,9,26,1,24,12,16,4,0,0,4,4,0,0,40,16,8,6,40,44,5,1,6,1304,0,0,0,7,21.353936311366667,47.89272030651341,45.0,50,12.56281407035176,37.5,100.0,43.75,1.1666666666666667,2,3,8,72.77300613496932
S45G01N82,2024-2025,20241213,326,away,70,11,1,15,5,20,1,23,9,16,5,0,0,3,2,1,2,39,14,8,6,35,42,4,2,6,1310,0,0,0,8,-18.494430940970673,43.40277777777778,42.30769230769231,38,12.953367875647668,22.727272727272727,66.66666666666667,78.57142857142857,1.8333333333333333,2,3,12,73.35572519083969,50,7,2,17,9,26,1,24,12,16,4,0,0,4,4,0,0,40,16,8,6,40,44,5,1,6,1310,0,0,0,7,18.494430940970673,47.89272030651341,45.0,50,12.56281407035176,37.5,100.0,43.75,1.1666666666666667,2,3,8,73.35572519083969
S45G01N82,2024-2025,20241213,327,away,70,12,1,15,5,20,1,23,9,16,5,0,0,3,2,1,2,39,14,8,6,35,42,4,2,6,1310,0,0,0,8,-18.494430940970673,43.40277777777778,42.30769230769231,39,12.953367875647668,22.727272727272727,66.66666666666667,85.71428571428571,2.0,2,3,12,73.35572519083969,50,7,2,17,9,26,1,24,12,16,4,0,0,4,4,0,0,40,16,8,6,40,44,5,1,6,1310,0,0,0,7,18.494430940970673,47.89272030651341,45.0,50,12.56281407035176,37.5,100.0,43.75,1.1666666666666667,2,3,8,73.35572519083969
S45G01N82,2024-2025,20241213,328,away,70,12,1,15,5,20,1,23,9,16,5,0,0,3,2,1,2,39,14,8,6,35,42,4,2,6,1322,0,0,0,8,-20.929059351267327,43.40277777777778,42.30769230769231,39,12.953367875647668,22.727272727272727,66.66666666666667,85.71428571428571,2.0,2,3,12,73.59757942511347,50,7,2,17,9,26,1,25,13,16,4,0,0,4,4,0,0,41,17,8,6,42,45,5,1,6,1322,0,0,0,7,20.929059351267327,49.111318989710014,46.34146341463415,52,12.305168170631665,37.5,100.0,41.1764705882353,1.1666666666666667,2,3,8,73.59757942511347
S45G01N82,2024-2025,20241213,329,away,70,12,1,15,5,20,1,23,9,16,5,0,0,3,2,1,2,39,14,8,6,35,42,4,2,7,1339,0,0,0,9,-22.930589206315403,43.40277777777778,42.30769230769231,38,14.792899408284024,22.727272727272727,66.66666666666667,85.71428571428571,1.7142857142857142,2,3,12,73.55937266616878,50,7,2,17,9,26,1,25,13,16,4,0,0,4,4,0,0,41,17,8,6,42,45,5,1,6,1339,0,0,0,7,22.930589206315403,49.111318989710014,46.34146341463415,52,12.305168170631665,37.5,100.0,41.1764705882353,1.1666666666666667,2,3,8,73.55937266616878
S45G01N82,2024-2025,20241213,330,away,70,12,1,15,5,20,1,23,9,16,5,0,0,3,2,1,2,39,14,8,6,35,42,4,2,7,1341,0,0,0,9,-22.930589206315403,43.40277777777778,42.30769230769231,38,14.792899408284024,22.727272727272727,66.66666666666667,85.71428571428571,1.7142857142857142,2,3,12,73.4496644295302,50,7,2,17,9,26,1,25,13,16,4,0,0,4,4,0,0,41,17,8,6,42,45,6,1,6,1341,0,0,0,7,22.930589206315403,49.111318989710014,46.34146341463415,53,12.305168170631665,37.5,100.0,41.1764705882353,1.1666666666666667,2,3,8,73.4496644295302
S45G01N82,2024-2025,20241213,331,away,70,12,1,15,5,20,1,23,9,16,5,0,0,3,2,1,2,39,14,8,6,35,42,4,2,7,1355,0,0,0,9,-25.245755967431663,43.40277777777778,42.30769230769231,38,14.792899408284024,22.727272727272727,66.66666666666667,85.71428571428571,1.7142857142857142,4,3,12,73.57638376383764,50,7,2,17,9,26,1,26,14,16,4,0,0,4,4,0,0,42,18,8,6,44,46,6,1,6,1355,0,0,0,7,25.245755967431663,50.27422303473492,47.61904761904762,55,12.057877813504824,37.5,100.0,38.888888888888886,1.1666666666666667,4,3,9,73.57638376383764
S45G01N82,2024-2025,20241213,332,away,70,12,1,15,5,20,1,23,9,16,5,0,0,3,2,1,2,39,14,8,6,35,42,4,2,7,1355,0,0,0,9,-25.245755967431663,43.40277777777778,42.30769230769231,38,14.792899408284024,22.727272727272727,66.66666666666667,85.71428571428571,1.7142857142857142,4,3,12,73.57638376383764,50,8,2,17,9,26,1,26,14,16,4,0,0,4,4,0,0,42,18,8,6,44,46,6,1,6,1355,0,0,0,7,25.245755967431663,50.27422303473492,47.61904761904762,56,12.057877813504824,37.5,100.0,44.44444444444444,1.3333333333333333,4,3,9,73.57638376383764
S45G01N82,2024-2025,20241213,333,away,70,12,1,15,5,20,1,23,9,17,5,0,0,3,2,1,2,40,14,8,6,35,43,4,2,7,1371,0,0,0,9,-27.15487908863632,42.35237173281704,41.25,37,14.486754966887418,22.727272727272727,66.66666666666667,85.71428571428571,1.7142857142857142,4,3,12,73.59299781181619,50,8,2,17,9,26,1,26,14,16,4,0,0,4,4,0,0,42,18,8,6,44,46,6,1,6,1371,0,0,0,7,27.15487908863632,50.27422303473492,47.61904761904762,56,12.057877813504824,37.5,100.0,44.44444444444444,1.3333333333333333,4,3,9,73.59299781181619
S45G01N82,2024-2025,20241213,334,away,70,12,1,15,6,21,1,23,9,17,5,0,0,3,2,1,2,40,14,8,6,35,43,4,2,7,1373,0,0,0,9,-25.245755967431663,42.35237173281704,41.25,38,14.486754966887418,26.08695652173913,66.66666666666667,85.71428571428571,1.7142857142857142,4,3,12,72.61179898033502,50,8,2,17,9,26,1,26,14,16,4,0,0,4,4,0,0,42,18,8,6,44,46,6,1,6,1373,0,0,0,7,25.245755967431663,50.27422303473492,47.61904761904762,56,12.057877813504824,37.5,100.0,44.44444444444444,1.3333333333333333,4,3,9,72.61179898033502
S45G01N82,2024-2025,20241213,335,away,70,12,1,15,6,21,1,24,9,17,5,0,0,3,2,1,2,41,14,8,6,35,44,4,2,7,1378,0,0,0,9,-27.15487908863632,41.351606805293,40.24390243902439,37,14.193025141930251,26.08695652173913,66.66666666666667,85.71428571428571,1.7142857142857142,4,3,12,73.21915820029027,50,8,2,17,9,26,1,26,14,16,4,0,0,4,4,0,0,42,18,8,6,44,46,6,1,6,1378,0,0,0,7,27.15487908863632,50.27422303473492,47.61904761904762,56,12.057877813504824,37.5,100.0,44.44444444444444,1.3333333333333333,4,3,9,73.21915820029027
S45G01N82,2024-2025,20241213,336,away,70,12,1,15,7,22,1,24,9,17,5,0,0,3,2,1,2,41,14,8,6,35,44,4,2,7,1379,0,0,0,9,-25.245755967431663,41.351606805293,40.24390243902439,38,14.193025141930251,29.166666666666668,66.66666666666667,85.71428571428571,1.7142857142857142,4,3,12,72.29586656997824,50,8,2,17,9,26,1,26,14,16,4,0,0,4,4,0,0,42,18,8,6,44,46,6,1,6,1379,0,0,0,7,25.245755967431663,50.27422303473492,47.61904761904762,56,12.057877813504824,37.5,100.0,44.44444444444444,1.3333333333333333,4,3,9,72.29586656997824
S45G01N82,2024-2025,20241213,337,away,70,12,1,15,7,22,1,25,10,17,5,1,1,3,2,1,2,42,15,8,6,37,45,4,2,7,1382,0,0,0,9,-22.53807391781453,42.70544783010157,41.666666666666664,40,13.910969793322735,29.166666666666668,66.66666666666667,80.0,1.7142857142857142,2,3,12,73.00723589001447,50,8,2,17,9,26,1,26,14,16,4,0,0,4,4,0,0,42,18,8,6,44,46,6,1,6,1382,0,0,0,7,22.53807391781453,50.27422303473492,47.61904761904762,56,12.057877813504824,37.5,100.0,44.44444444444444,1.3333333333333333,2,3,9,73.00723589001447
S45G01N82,2024-2025,20241213,338,away,70,12,1,15,7,22,1,25,10,17,5,1,1,3,2,1,2,42,15,8,6,37,45,4,2,7,1407,0,0,0,9,-24.74236104477771,42.70544783010157,41.666666666666664,40,13.910969793322735,29.166666666666668,66.66666666666667,80.0,1.7142857142857142,2,3,12,72.56289978678038,50,8,2,17,9,26,1,27,15,16,4,0,0,4,4,0,0,43,19,8,6,46,47,6,1,6,1407,0,0,0,7,24.74236104477771,51.385165326184094,48.83720930232558,58,11.82033096926714,37.5,100.0,42.10526315789474,1.3333333333333333,2,3,9,72.56289978678038
S45G01N82,2024-2025,20241213,339,away,70,12,1,15,7,22,1,25,10,17,5,1,1,3,2,1,2,42,15,8,6,37,45,4,2,7,1407,0,0,0,9,-24.74236104477771,42.70544783010157,41.666666666666664,40,13.910969793322735,29.166666666666668,66.66666666666667,80.0,1.7142857142857142,2,3,12,72.56289978678038,50,9,2,17,9,26,1,27,15,16,4,0,0,4,4,0,0,43,19,8,6,46,47,6,1,6,1407,0,0,0,7,24.74236104477771,51.385165326184094,48.83720930232558,59,11.82033096926714,37.5,100.0,47.36842105263158,1.5,2,3,9,72.56289978678038
S45G01N82,2024-2025,20241213,340,away,70,12,1,15,7,22,1,26,11,17,5,1,1,3,2,1,2,43,16,8,6,39,46,4,2,7,1417,0,0,0,9,-22.156866813284097,43.998194945848375,43.02325581395349,42,13.639906469212782,29.166666666666668,66.66666666666667,75.0,1.7142857142857142,2,3,12,72.89767113620324,50,9,2,17,9,26,1,27,15,16,4,0,0,4,4,0,0,43,19,8,6,46,47,6,1,6,1417,0,0,0,7,22.156866813284097,51.385165326184094,48.83720930232558,59,11.82033096926714,37.5,100.0,47.36842105263158,1.5,2,3,9,72.89767113620324
S45G01N82,2024-2025,20241213,341,away,70,12,1,15,7,22,1,26,11,17,5,1,1,3,2,1,2,43,16,8,6,39,46,4,2,7,1442,0,0,0,9,-19.580785038144228,43.998194945848375,43.02325581395349,42,13.639906469212782,29.166666666666668,66.66666666666667,75.0,1.7142857142857142,2,3,12,72.46601941747572,50,9,2,17,9,26,1,27,15,17,4,0,0,4,4,0,0,44,19,8,6,46,48,6,1,6,1442,0,0,0,7,19.580785038144228,50.26223776223777,47.72727272727273,58,11.591962905718702,37.5,100.0,47.36842105263158,1.5,2,3,9,72.46601941747572
S45G01N82,2024-2025,20241213,342,away,70,12,1,16,7,23,1,26,11,17,5,1,1,3,2,1,2,43,16,8,6,39,46,4,2,7,1443,0,0,0,9,-19.580785038144228,43.998194945848375,43.02325581395349,43,13.639906469212782,29.166666666666668,66.66666666666667,75.0,1.7142857142857142,2,3,12,72.41580041580042,50,9,2,17,9,26,1,27,15,17,4,0,0,4,4,0,0,44,19,8,6,46,48,6,1,6,1443,0,0,0,7,19.580785038144228,50.26223776223777,47.72727272727273,58,11.591962905718702,36.0,100.0,47.36842105263158,1.5,2,3,9,72.41580041580042
S45G01N82,2024-2025,20241213,343,away,70,12,1,16,7,23,1,26,11,17,5,1,1,3,2,1,2,43,16,8,6,39,46,4,2,7,1443,0,0,0,9,-19.580785038144228,43.998194945848375,43.02325581395349,43,13.639906469212782,29.166666666666668,66.66666666666667,75.0,1.7142857142857142,2,3,12,72.41580041580042,50,9,2,17,9,26,1,27,15,17,4,0,0,4,4,0,0,44,19,9,7,46,48,6,1,6,1443,0,0,0,7,19.580785038144228,50.26223776223777,47.72727272727273,58,11.591962905718702,36.0,100.0,47.36842105263158,1.5,2,3,9,72.41580041580042
S45G01N82,2024-2025,20241213,344,away,70,12,1,16,7,23,1,26,11,17,5,1,1,3,2,1,2,43,16,8,6,39,46,4,2,7,1443,0,0,0,9,-19.580785038144228,43.998194945848375,43.02325581395349,43,13.639906469212782,29.166666666666668,66.66666666666667,75.0,1.7142857142857142,2,3,12,72.41580041580042,50,9,2,17,9,26,1,27,15,17,4,0,0,4,4,0,0,44,19,9,7,46,48,6,1,6,1443,0,0,0,7,19.580785038144228,50.26223776223777,47.72727272727273,58,11.591962905718702,36.0,100.0,47.36842105263158,1.5,2,3,9,72.41580041580042
S45G01N82,2024-2025,20241213,345,away,70,12,1,16,7,23,1,26,11,17,5,1,1,3,2,1,2,43,16,8,6,39,46,4,2,7,1443,0,0,0,9,-19.580785038144228,43.998194945848375,43.02325581395349,43,13.639906469212782,29.166666666666668,66.66666666666667,75.0,1.7142857142857142,2,3,12,72.41580041580042,50,9,2,17,9,26,1,27,15,17,4,0,0,4,4,0,0,44,19,9,7,46,48,6,1,6,1443,0,0,0,7,19.580785038144228,50.26223776223777,47.72727272727273,58,11.591962905718702,36.0,100.0,47.36842105263158,1.5,2,3,9,72.41580041580042
S45G01N82,2024-2025,20241213,346,away,70,12,1,16,7,23,1,26,11,17,5,1,1,3,2,1,2,43,16,8,6,39,46,4,2,7,1443,0,0,0,9,-19.580785038144228,43.998194945848375,43.02325581395349,43,13.639906469212782,29.166666666666668,66.66666666666667,75.0,1.7142857142857142,2,3,12,72.41580041580042,50,9,2,17,9,26,1,27,15,17,4,0,0,4,4,0,0,44,19,9,7,46,48,6,1,6,1443,0,0,0,7,19.580785038144228,50.26223776223777,47.72727272727273,58,11.591962905718702,36.0,100.0,47.36842105263158,1.5,2,3,9,72.41580041580042
S45G01N82,2024-2025,20241213,347,away,70,12,1,16,7,23,1,26,11,17,5,1,1,3,2,1,2,43,16,8,6,39,46,4,2,7,1443,0,0,0,9,-19.580785038144228,43.998194945848375,43.02325581395349,43,13.639906469212782,29.166666666666668,66.66666666666667,75.0,1.7142857142857142,2,3,12,72.41580041580042,50,9,2,17,9,26,1,27,15,17,4,0,0,4,4,0,0,44,19,9,7,46,48,6,1,6,1443,0,0,0,7,19.580785038144228,50.26223776223777,47.72727272727273,58,11.591962905718702,36.0,100.0,47.36842105263158,1.5,2,3,9,72.41580041580042
S45G01N82,2024-2025,20241213,348,away,70,12,1,16,7,23,1,26,11,17,5,1,1,3,2,1,2,43,16,8,6,39,46,4,2,7,1443,0,0,0,9,-19.580785038144228,43.998194945848375,43.02325581395349,43,13.639906469212782,29.166666666666668,66.66666666666667,75.0,1.7142857142857142,2,3,12,72.41580041580042,50,9,2,17,9,26,1,27,15,17,4,0,0,4,4,0,0,44,19,9,7,46,48,6,1,6,1443,0,0,0,7,19.580785038144228,50.26223776223777,47.72727272727273,58,11.591962905718702,36.0,100.0,47.36842105263158,1.5,2,3,9,72.41580041580042
S45G01N82,2024-2025,20241213,349,away,70,12,1,16,7,23,1,26,11,18,5,1,1,3,2,1,2,44,16,8,6,39,47,4,2,7,1460,0,0,0,9,-21.52245295278891,43.027360988526034,42.04545454545455,42,13.37920489296636,29.166666666666668,66.66666666666667,75.0,1.7142857142857142,2,3,12,72.3945205479452,50,9,2,17,9,26,1,27,15,17,4,0,0,4,4,0,0,44,19,9,7,46,48,6,1,6,1460,0,0,0,7,21.52245295278891,50.26223776223777,47.72727272727273,58,11.591962905718702,36.0,100.0,47.36842105263158,1.5,2,3,9,72.3945205479452
S45G01N82,2024-2025,20241213,350,away,70,12,1,16,7,23,1,26,11,18,5,1,1,3,2,1,2,44,16,8,6,39,47,4,2,7,1462,0,0,0,9,-21.52245295278891,43.027360988526034,42.04545454545455,42,13.37920489296636,28.0,66.66666666666667,75.0,1.7142857142857142,2,3,12,72.2954856361149,50,9,2,18,9,27,1,27,15,17,4,0,0,4,4,0,0,44,19,9,7,46,48,6,1,6,1462,0,0,0,7,21.52245295278891,50.26223776223777,47.72727272727273,59,11.591962905718702,36.0,100.0,47.36842105263158,1.5,2,3,9,72.2954856361149
S45G01N82,2024-2025,20241213,351,away,70,12,1,16,7,23,1,26,11,18,5,1,1,3,2,1,2,44,16,9,7,39,47,4,2,7,1462,0,0,0,9,-21.52245295278891,43.027360988526034,42.04545454545455,42,13.37920489296636,28.0,66.66666666666667,75.0,1.7142857142857142,2,3,12,72.2954856361149,50,9,2,18,9,27,1,27,15,17,4,0,0,4,4,0,0,44,19,9,7,46,48,6,1,6,1462,0,0,0,7,21.52245295278891,50.26223776223777,47.72727272727273,59,11.591962905718702,36.0,100.0,47.36842105263158,1.5,2,3,9,72.2954856361149
S45G01N82,2024-2025,20241213,352,away,70,12,1,16,7,23,1,26,11,18,5,1,1,3,2,1,2,44,16,9,7,39,47,4,2,7,1462,0,0,0,9,-21.52245295278891,43.027360988526034,42.04545454545455,42,13.37920489296636,28.0,66.66666666666667,75.0,1.7142857142857142,2,3,12,72.2954856361149,50,9,2,18,9,27,1,27,15,17,4,0,0,4,4,0,0,44,19,9,7,46,48,6,1,6,1462,0,0,0,7,21.52245295278891,50.26223776223777,47.72727272727273,59,11.591962905718702,36.0,100.0,47.36842105263158,1.5,2,3,9,72.2954856361149
S45G01N82,2024-2025,20241213,353,away,70,12,1,16,7,23,1,26,11,18,5,1,1,3,2,1,2,44,16,9,7,39,47,4,2,7,1471,0,0,0,9,-23.634491916915024,43.027360988526034,42.04545454545455,42,13.37920489296636,28.0,66.66666666666667,75.0,1.7142857142857142,2,3,12,72.66893269884432,50,9,2,18,9,27,1,28,16,17,4,0,0,4,4,0,0,45,20,9,7,48,49,6,1,6,1471,0,0,0,7,23.634491916915024,51.32591958939265,48.888888888888886,61,11.372251705837757,36.0,100.0,45.0,1.5,2,3,9,72.66893269884432
S45G01N82,2024-2025,20241213,354,away,70,12,1,16,7,23,1,26,11,18,5,1,1,3,2,1,2,44,16,9,7,39,47,4,2,7,1471,0,0,0,9,-23.634491916915024,43.027360988526034,42.04545454545455,42,13.37920489296636,28.0,66.66666666666667,75.0,1.7142857142857142,2,3,12,72.66893269884432,50,10,2,18,9,27,1,28,16,17,4,0,0,4,4,0,0,45,20,9,7,48,49,6,1,6,1471,0,0,0,7,23.634491916915024,51.32591958939265,48.888888888888886,62,11.372251705837757,36.0,100.0,50.0,1.6666666666666667,2,3,9,72.66893269884432
S45G01N82,2024-2025,20241213,355,away,70,12,1,16,7,23,1,26,11,18,5,1,1,3,2,1,2,44,16,9,7,39,47,4,2,7,1483,0,0,0,9,-23.634491916915024,43.027360988526034,42.04545454545455,42,13.37920489296636,28.0,66.66666666666667,75.0,1.7142857142857142,2,3,12,72.08091706001348,50,10,2,18,9,27,1,28,16,17,4,0,0,4,4,0,0,45,20,10,8,48,49,6,1,6,1483,0,0,0,7,23.634491916915024,51.32591958939265,48.888888888888886,62,11.372251705837757,36.0,100.0,50.0,1.6666666666666667,2,3,9,72.08091706001348
S45G01N82,2024-2025,20241213,356,away,70,12,1,16,7,23,1,26,11,18,5,1,1,3,2,1,2,44,16,9,7,39,47,4,2,7,1483,0,0,0,9,-23.634491916915024,43.027360988526034,42.04545454545455,42,13.37920489296636,28.0,66.66666666666667,75.0,1.7142857142857142,2,3,12,72.08091706001348,50,10,2,18,9,27,1,28,16,17,4,0,0,4,4,0,0,45,20,10,8,48,49,6,1,6,1483,0,0,0,7,23.634491916915024,51.32591958939265,48.888888888888886,62,11.372251705837757,36.0,100.0,50.0,1.6666666666666667,2,3,9,72.08091706001348
S45G01N82,2024-2025,20241213,357,away,70,12,1,16,7,23,1,26,11,18,5,1,1,3,2,1,2,44,16,9,7,39,47,4,2,7,1483,0,0,0,9,-23.634491916915024,43.027360988526034,42.04545454545455,42,13.37920489296636,28.0,66.66666666666667,75.0,1.7142857142857142,2,3,12,72.08091706001348,50,10,2,18,9,27,1,28,16,17,4,0,0,4,4,0,0,45,20,10,8,48,49,6,1,6,1483,0,0,0,7,23.634491916915024,51.32591958939265,48.888888888888886,62,11.372251705837757,36.0,100.0,50.0,1.6666666666666667,2,3,9,72.08091706001348
S45G01N82,2024-2025,20241213,358,away,70,12,1,16,7,23,1,26,11,18,5,1,1,3,2,1,2,44,16,9,7,39,47,4,2,7,1483,0,0,0,9,-23.634491916915024,43.027360988526034,42.04545454545455,42,13.37920489296636,28.0,66.66666666666667,75.0,1.7142857142857142,2,3,12,72.08091706001348,50,10,2,18,9,27,1,28,16,17,4,0,0,4,4,0,0,45,20,10,8,48,49,6,1,6,1483,0,0,0,7,23.634491916915024,51.32591958939265,48.888888888888886,62,11.372251705837757,36.0,100.0,50.0,1.6666666666666667,2,3,9,72.08091706001348
S45G01N82,2024-2025,20241213,359,away,70,12,1,16,7,23,1,26,11,18,5,1,1,3,2,1,2,44,16,9,7,39,47,4,2,8,1495,0,0,0,10,-25.492322702257255,43.027360988526034,42.04545454545455,41,15.003750937734434,28.0,66.66666666666667,75.0,1.5,2,3,12,72.30501672240803,50,10,2,18,9,27,1,28,16,17,4,0,0,4,4,0,0,45,20,10,8,48,49,6,1,6,1495,0,0,0,7,25.492322702257255,51.32591958939265,48.888888888888886,62,11.372251705837757,36.0,100.0,50.0,1.6666666666666667,2,3,9,72.30501672240803
S45G01N82,2024-2025,20241213,360,away,70,12,1,16,7,23,1,26,11,18,5,1,1,3,2,1,2,44,16,9,7,39,47,4,2,8,1497,0,0,0,10,-25.492322702257255,43.027360988526034,42.04545454545455,41,15.003750937734434,28.0,66.66666666666667,75.0,1.5,2,3,12,72.20841683366733,50,10,2,18,9,27,1,28,16,17,4,0,0,4,4,0,0,45,20,10,8,48,49,7,1,6,1497,0,0,0,7,25.492322702257255,51.32591958939265,48.888888888888886,63,11.372251705837757,36.0,100.0,50.0,1.6666666666666667,2,3,9,72.20841683366733
S45G01N82,2024-2025,20241213,361,away,70,12,1,16,7,23,1,26,11,18,5,1,1,3,2,1,2,44,16,9,7,39,47,4,2,8,1510,0,0,0,10,-27.509989952168624,43.027360988526034,42.04545454545455,41,15.003750937734434,28.0,66.66666666666667,75.0,1.5,4,3,12,72.38145695364238,50,10,2,18,9,27,1,29,17,17,4,0,0,4,4,0,0,46,21,10,8,50,50,7,1,6,1510,0,0,0,7,27.509989952168624,52.345058626465665,50.0,65,11.160714285714286,36.0,100.0,47.61904761904762,1.6666666666666667,4,3,11,72.38145695364238
S45G01N82,2024-2025,20241213,362,away,70,12,1,16,7,23,1,26,11,18,5,1,1,3,2,1,2,44,16,9,7,39,47,4,2,8,1510,0,0,0,10,-27.509989952168624,43.027360988526034,42.04545454545455,41,15.003750937734434,28.0,66.66666666666667,75.0,1.5,4,3,12,72.38145695364238,50,11,2,18,9,27,1,29,17,17,4,0,0,4,4,0,0,46,21,10,8,50,50,7,1,6,1510,0,0,0,7,27.509989952168624,52.345058626465665,50.0,66,11.160714285714286,36.0,100.0,52.38095238095238,1.8333333333333333,4,3,11,72.38145695364238
S45G01N82,2024-2025,20241213,363,away,70,12,1,16,7,23,1,26,11,19,6,1,1,3,2,1,2,45,17,9,7,42,48,4,2,8,1532,0,0,0,10,-22.949484694174316,45.33678756476684,44.44444444444444,44,14.727540500736376,28.0,66.66666666666667,70.58823529411765,1.5,3,3,12,72.12532637075718,50,11,2,18,9,27,1,29,17,17,4,0,0,4,4,0,0,46,21,10,8,50,50,7,1,6,1532,0,0,0,7,22.949484694174316,52.345058626465665,50.0,66,11.160714285714286,36.0,100.0,52.38095238095238,1.8333333333333333,3,3,11,72.12532637075718
S45G01N82,2024-2025,20241213,364,away,70,12,1,16,7,23,1,26,11,19,6,1,1,3,2,1,2,45,17,9,7,42,48,4,2,8,1548,0,0,0,10,-20.50833781603012,45.33678756476684,44.44444444444444,44,14.727540500736376,28.0,66.66666666666667,70.58823529411765,1.5,3,3,12,72.15503875968993,50,11,2,18,9,27,1,30,17,17,4,0,0,4,4,0,0,47,21,10,8,50,51,7,1,6,1548,0,0,0,7,20.50833781603012,51.271534044298605,48.93617021276596,65,10.95690284879474,36.0,100.0,52.38095238095238,1.8333333333333333,3,3,11,72.15503875968993
S45G01N82,2024-2025,20241213,365,away,70,12,1,17,7,24,1,26,11,19,6,1,1,3,2,1,2,45,17,9,7,42,48,4,2,8,1549,0,0,0,10,-20.50833781603012,45.33678756476684,44.44444444444444,45,14.727540500736376,28.0,66.66666666666667,70.58823529411765,1.5,3,3,12,72.10845706907682,50,11,2,18,9,27,1,30,17,17,4,0,0,4,4,0,0,47,21,10,8,50,51,7,1,6,1549,0,0,0,7,20.50833781603012,51.271534044298605,48.93617021276596,65,10.95690284879474,34.61538461538461,100.0,52.38095238095238,1.8333333333333333,3,3,11,72.10845706907682
S45G01N82,2024-2025,20241213,366,away,70,12,1,17,7,24,1,26,11,19,6,1,1,3,2,1,2,45,17,9,7,42,48,4,2,8,1550,0,0,0,10,-20.50833781603012,45.33678756476684,44.44444444444444,45,14.727540500736376,28.0,66.66666666666667,70.58823529411765,1.5,3,3,12,72.06193548387097,50,11,2,18,9,27,1,30,17,17,4,0,0,4,4,0,0,47,21,11,9,50,51,7,1,6,1550,0,0,0,7,20.50833781603012,51.271534044298605,48.93617021276596,65,10.95690284879474,34.61538461538461,100.0,52.38095238095238,1.8333333333333333,3,3,11,72.06193548387097
S45G01N82,2024-2025,20241213,367,away,70,12,1,17,7,24,1,26,11,19,6,1,1,3,2,1,2,45,17,9,7,42,48,4,2,8,1550,0,0,0,10,-20.50833781603012,45.33678756476684,44.44444444444444,45,14.727540500736376,28.0,66.66666666666667,70.58823529411765,1.5,3,3,12,72.06193548387097,50,11,2,18,9,27,1,30,17,17,4,0,0,4,4,0,0,47,21,11,9,50,51,7,1,6,1550,0,0,0,7,20.50833781603012,51.271534044298605,48.93617021276596,65,10.95690284879474,34.61538461538461,100.0,52.38095238095238,1.8333333333333333,3,3,11,72.06193548387097
S45G01N82,2024-2025,20241213,368,away,70,12,1,17,7,24,1,26,11,19,6,1,1,3,2,1,2,45,17,9,7,42,48,4,2,8,1550,0,0,0,10,-20.50833781603012,45.33678756476684,44.44444444444444,45,14.727540500736376,28.0,66.66666666666667,70.58823529411765,1.5,3,3,12,72.06193548387097,50,11,2,18,9,27,1,30,17,17,4,0,0,4,4,0,0,47,21,11,9,50,51,7,1,6,1550,0,0,0,7,20.50833781603012,51.271534044298605,48.93617021276596,65,10.95690284879474,34.61538461538461,100.0,52.38095238095238,1.8333333333333333,3,3,11,72.06193548387097
S45G01N82,2024-2025,20241213,369,away,70,12,1,17,7,24,1,26,11,19,6,1,1,3,2,1,2,45,17,9,7,42,48,4,2,8,1550,0,0,0,10,-20.50833781603012,45.33678756476684,44.44444444444444,45,14.727540500736376,28.0,66.66666666666667,70.58823529411765,1.5,3,3,12,72.06193548387097,50,11,2,18,9,27,1,30,17,17,4,0,0,4,4,0,0,47,21,11,9,50,51,7,1,6,1550,0,0,0,7,20.50833781603012,51.271534044298605,48.93617021276596,65,10.95690284879474,34.61538461538461,100.0,52.38095238095238,1.8333333333333333,3,3,11,72.06193548387097
S45G01N82,2024-2025,20241213,370,away,70,12,1,17,7,24,1,27,12,19,6,1,1,3,2,1,2,46,18,9,7,44,49,4,2,8,1570,0,0,0,10,-18.206131616727646,46.49196956889264,45.65217391304348,47,14.461315979754158,28.0,66.66666666666667,66.66666666666667,1.5,5,3,12,71.90828025477707,50,11,2,18,9,27,1,30,17,17,4,0,0,4,4,0,0,47,21,11,9,50,51,7,1,6,1570,0,0,0,7,18.206131616727646,51.271534044298605,48.93617021276596,65,10.95690284879474,34.61538461538461,100.0,52.38095238095238,1.8333333333333333,5,3,11,71.90828025477707
S45G01N82,2024-2025,20241213,371,away,70,12,1,17,7,24,1,27,12,19,6,1,1,3,2,1,2,46,18,9,7,44,49,4,2,8,1570,0,0,0,10,-18.206131616727646,46.49196956889264,45.65217391304348,47,14.461315979754158,28.0,66.66666666666667,66.66666666666667,1.5,5,3,12,71.90828025477707,50,11,2,18,9,27,1,30,17,17,4,0,0,4,4,0,0,47,21,12,9,50,51,7,1,6,1570,0,0,0,7,18.206131616727646,51.271534044298605,48.93617021276596,65,10.95690284879474,34.61538461538461,100.0,52.38095238095238,1.8333333333333333,5,3,11,71.90828025477707
S45G01N82,2024-2025,20241213,372,away,70,12,1,17,7,24,1,27,12,19,6,1,1,3,2,1,2,46,18,9,7,44,49,4,2,8,1570,0,0,0,10,-18.206131616727646,46.49196956889264,45.65217391304348,47,14.461315979754158,28.0,66.66666666666667,66.66666666666667,1.5,5,3,12,71.90828025477707,50,11,2,18,9,27,1,30,17,17,4,0,0,4,4,0,0,47,21,12,9,50,51,7,1,6,1570,0,0,0,7,18.206131616727646,51.271534044298605,48.93617021276596,65,10.95690284879474,34.61538461538461,100.0,52.38095238095238,1.8333333333333333,5,3,11,71.90828025477707
S45G01N82,2024-2025,20241213,373,away,70,12,1,17,7,24,1,27,12,19,6,1,1,3,2,1,2,46,18,9,7,44,49,4,2,8,1570,0,0,0,10,-18.206131616727646,46.49196956889264,45.65217391304348,47,14.461315979754158,28.0,66.66666666666667,66.66666666666667,1.5,5,3,12,71.90828025477707,50,11,2,18,9,27,1,30,17,17,4,0,0,4,4,0,0,47,21,12,9,50,51,7,1,6,1570,0,0,0,7,18.206131616727646,51.271534044298605,48.93617021276596,65,10.95690284879474,34.61538461538461,100.0,52.38095238095238,1.8333333333333333,5,3,11,71.90828025477707
S45G01N82,2024-2025,20241213,374,away,70,12,1,17,7,24,1,27,12,19,6,1,1,3,2,1,2,46,18,9,7,44,49,4,2,8,1570,0,0,0,10,-18.206131616727646,46.49196956889264,45.65217391304348,47,14.461315979754158,28.0,66.66666666666667,66.66666666666667,1.5,5,3,12,71.90828025477707,50,11,2,18,9,27,1,30,17,17,4,0,0,4,4,0,0,47,21,12,9,50,51,7,1,6,1570,0,0,0,7,18.206131616727646,51.271534044298605,48.93617021276596,65,10.95690284879474,34.61538461538461,100.0,52.38095238095238,1.8333333333333333,5,3,11,71.90828025477707
S45G01N82,2024-2025,20241213,375,away,70,12,1,17,7,24,1,27,12,19,6,1,1,4,3,1,2,46,18,9,7,45,50,4,2,8,1570,0,0,0,10,-16.976972985996767,47.1105527638191,45.65217391304348,48,14.347202295552368,28.0,75.0,66.66666666666667,1.5,6,3,12,72.24458598726115,50,11,2,18,9,27,1,30,17,17,4,0,0,4,4,0,0,47,21,12,9,50,51,7,1,6,1570,0,0,0,7,16.976972985996767,51.271534044298605,48.93617021276596,65,10.95690284879474,34.61538461538461,100.0,52.38095238095238,1.8333333333333333,6,3,11,72.24458598726115
S45G01N82,2024-2025,20241213,376,away,70,12,1,17,7,24,1,27,12,19,6,1,1,4,3,1,2,46,18,10,8,45,50,4,2,8,1582,0,0,0,10,-16.976972985996767,47.1105527638191,45.65217391304348,48,14.347202295552368,28.0,75.0,66.66666666666667,1.5,6,3,12,71.69658659924146,50,11,2,18,9,27,1,30,17,17,4,0,0,4,4,0,0,47,21,12,9,50,51,7,1,6,1582,0,0,0,7,16.976972985996767,51.271534044298605,48.93617021276596,65,10.95690284879474,34.61538461538461,100.0,52.38095238095238,1.8333333333333333,6,3,11,71.69658659924146
S45G01N82,2024-2025,20241213,377,away,70,12,1,17,7,24,1,27,12,19,6,1,1,4,3,1,2,46,18,10,8,45,50,4,2,8,1582,0,0,0,10,-16.976972985996767,47.1105527638191,45.65217391304348,48,14.347202295552368,28.0,75.0,66.66666666666667,1.5,6,3,12,71.69658659924146,50,11,2,18,9,27,1,30,17,17,4,0,0,4,4,0,0,47,21,12,9,50,51,7,1,6,1582,0,0,0,7,16.976972985996767,51.271534044298605,48.93617021276596,65,10.95690284879474,34.61538461538461,100.0,52.38095238095238,1.8333333333333333,6,3,11,71.69658659924146
S45G01N82,2024-2025,20241213,378,away,70,12,1,17,7,24,1,27,12,19,6,1,1,4,3,1,2,46,18,10,8,45,50,4,2,8,1592,0,0,0,10,-14.64023786483051,47.1105527638191,45.65217391304348,48,14.347202295552368,28.0,75.0,66.66666666666667,1.5,6,3,12,72.0,50,11,2,18,9,27,1,31,17,17,4,0,0,4,4,0,0,48,21,12,9,50,52,7,1,6,1592,0,0,0,7,14.64023786483051,50.241157556270096,47.916666666666664,64,10.760401721664277,34.61538461538461,100.0,52.38095238095238,1.8333333333333333,6,3,11,72.0
S45G01N82,2024-2025,20241213,379,away,70,12,1,18,7,25,1,27,12,19,6,1,1,4,3,1,2,46,18,10,8,45,50,4,2,8,1593,0,0,0,10,-14.64023786483051,47.1105527638191,45.65217391304348,49,14.347202295552368,28.0,75.0,66.66666666666667,1.5,6,3,12,71.954802259887,50,11,2,18,9,27,1,31,17,17,4,0,0,4,4,0,0,48,21,12,9,50,52,7,1,6,1593,0,0,0,7,14.64023786483051,50.241157556270096,47.916666666666664,64,10.760401721664277,33.333333333333336,100.0,52.38095238095238,1.8333333333333333,6,3,11,71.954802259887
S45G01N82,2024-2025,20241213,380,away,70,12,1,18,7,25,1,28,13,19,6,1,1,4,3,1,2,47,19,10,8,47,51,4,2,8,1596,0,0,0,10,-12.47562293878022,48.19524200164069,46.808510638297875,51,14.094432699083862,28.0,75.0,63.1578947368421,1.5,8,3,12,72.57142857142857,50,11,2,18,9,27,1,31,17,17,4,0,0,4,4,0,0,48,21,12,9,50,52,7,1,6,1596,0,0,0,7,12.47562293878022,50.241157556270096,47.916666666666664,64,10.760401721664277,33.333333333333336,100.0,52.38095238095238,1.8333333333333333,8,3,11,72.57142857142857
S45G01N82,2024-2025,20241213,381,away,70,13,1,18,7,25,1,28,13,19,6,1,1,4,3,1,2,47,19,10,8,47,51,4,2,8,1596,0,0,0,10,-12.47562293878022,48.19524200164069,46.808510638297875,52,14.094432699083862,28.0,75.0,68.42105263157895,1.625,8,3,12,72.57142857142857,50,11,2,18,9,27,1,31,17,17,4,0,0,4,4,0,0,48,21,12,9,50,52,7,1,6,1596,0,0,0,7,12.47562293878022,50.241157556270096,47.916666666666664,64,10.760401721664277,33.333333333333336,100.0,52.38095238095238,1.8333333333333333,8,3,11,72.57142857142857
S45G01N82,2024-2025,20241213,382,away,70,13,1,18,7,25,1,28,13,19,6,1,1,4,3,2,4,47,19,10,8,47,51,4,2,8,1596,0,0,0,10,-12.47562293878022,48.19524200164069,46.808510638297875,52,14.094432699083862,28.0,75.0,68.42105263157895,1.625,8,3,12,72.57142857142857,50,11,2,18,9,27,1,31,17,17,4,0,0,4,4,0,0,48,21,12,9,50,52,7,1,6,1596,0,0,0,7,12.47562293878022,50.241157556270096,47.916666666666664,64,10.760401721664277,33.333333333333336,100.0,52.38095238095238,1.8333333333333333,8,3,11,72.57142857142857
S45G01N82,2024-2025,20241213,383,away,70,13,1,18,7,25,1,28,13,19,6,1,1,4,3,2,4,47,19,10,8,47,51,4,2,8,1596,0,0,0,10,-12.47562293878022,48.19524200164069,46.808510638297875,52,14.094432699083862,28.0,75.0,68.42105263157895,1.625,8,3,12,72.57142857142857,50,11,2,18,9,27,1,31,17,17,4,0,0,4,4,0,0,48,21,12,9,50,52,7,1,6,1596,0,0,0,7,12.47562293878022,50.241157556270096,47.916666666666664,64,10.760401721664277,33.333333333333336,100.0,52.38095238095238,1.8333333333333333,8,3,11,72.57142857142857
S45G01N82,2024-2025,20241213,384,away,70,13,1,18,7,25,1,28,13,19,6,1,1,4,3,2,4,47,19,10,8,47,51,4,2,8,1596,0,0,0,10,-12.47562293878022,48.19524200164069,46.808510638297875,52,14.094432699083862,28.0,75.0,68.42105263157895,1.625,8,3,12,72.57142857142857,50,11,2,18,9,27,1,31,17,17,4,0,0,4,4,0,0,48,21,12,9,50,52,7,1,6,1596,0,0,0,7,12.47562293878022,50.241157556270096,47.916666666666664,64,10.760401721664277,33.333333333333336,100.0,52.38095238095238,1.8333333333333333,8,3,11,72.57142857142857
S45G01N82,2024-2025,20241213,385,away,70,13,1,18,7,25,1,28,13,19,6,1,1,4,3,2,4,47,19,10,8,47,51,4,2,8,1596,0,0,0,10,-12.47562293878022,48.19524200164069,46.808510638297875,52,14.094432699083862,28.0,75.0,68.42105263157895,1.625,8,3,12,72.57142857142857,50,11,2,18,9,27,1,31,17,17,4,0,0,4,4,0,0,48,21,12,9,50,52,7,1,6,1596,0,0,0,7,12.47562293878022,50.241157556270096,47.916666666666664,64,10.760401721664277,33.333333333333336,100.0,52.38095238095238,1.8333333333333333,8,3,11,72.57142857142857
S45G01N82,2024-2025,20241213,386,away,70,13,1,18,7,25,1,28,13,19,6,1,1,4,3,2,4,47,19,10,8,47,51,4,2,8,1614,0,0,0,10,-14.424345737260793,48.19524200164069,46.808510638297875,52,14.094432699083862,28.0,75.0,68.42105263157895,1.625,2,3,12,72.50557620817843,50,11,2,18,9,27,1,32,18,17,4,0,0,4,4,0,0,49,22,12,9,52,53,7,1,6,1614,0,0,0,7,14.424345737260793,51.22143420015761,48.97959183673469,66,10.570824524312897,33.333333333333336,100.0,50.0,1.8333333333333333,2,3,11,72.50557620817843
S45G01N82,2024-2025,20241213,387,away,70,13,1,18,7,25,1,28,13,20,6,1,1,4,3,2,4,48,19,10,8,47,52,4,2,8,1629,0,0,0,10,-16.28512935045599,47.226688102893895,45.833333333333336,51,13.850415512465375,28.0,75.0,68.42105263157895,1.625,2,3,12,72.57458563535911,50,11,2,18,9,27,1,32,18,17,4,0,0,4,4,0,0,49,22,12,9,52,53,7,1,6,1629,0,0,0,7,16.28512935045599,51.22143420015761,48.97959183673469,66,10.570824524312897,33.333333333333336,100.0,50.0,1.8333333333333333,2,3,11,72.57458563535911
S45G01N82,2024-2025,20241213,388,away,70,13,1,18,8,26,1,28,13,20,6,1,1,4,3,2,4,48,19,10,8,47,52,4,2,8,1629,0,0,0,10,-14.424345737260793,47.226688102893895,45.833333333333336,52,13.850415512465375,30.76923076923077,75.0,68.42105263157895,1.625,2,3,12,71.83793738489871,50,11,2,18,9,27,1,32,18,17,4,0,0,4,4,0,0,49,22,12,9,52,53,7,1,6,1629,0,0,0,7,14.424345737260793,51.22143420015761,48.97959183673469,66,10.570824524312897,33.333333333333336,100.0,50.0,1.8333333333333333,2,3,11,71.83793738489871
S45G01N82,2024-2025,20241213,389,away,70,13,1,18,8,26,1,28,13,20,6,1,1,4,3,2,4,48,19,10,8,47,52,4,2,8,1629,0,0,0,10,-14.424345737260793,47.226688102893895,45.833333333333336,52,13.850415512465375,30.76923076923077,75.0,68.42105263157895,1.625,2,3,12,71.83793738489871,50,11,2,18,9,27,1,32,18,17,4,0,0,4,4,0,0,49,22,13,9,52,53,7,1,6,1629,0,0,0,7,14.424345737260793,51.22143420015761,48.97959183673469,66,10.570824524312897,33.333333333333336,100.0,50.0,1.8333333333333333,2,3,11,71.83793738489871
S45G01N82,2024-2025,20241213,390,away,70,13,1,18,8,26,1,28,13,20,6,1,1,4,3,2,4,48,19,10,8,47,52,4,2,8,1629,0,0,0,10,-14.424345737260793,47.226688102893895,45.833333333333336,52,13.850415512465375,30.76923076923077,75.0,68.42105263157895,1.625,2,3,12,71.83793738489871,50,11,2,18,9,27,1,32,18,17,4,0,0,4,4,0,0,49,22,13,9,52,53,7,1,6,1629,0,0,0,7,14.424345737260793,51.22143420015761,48.97959183673469,66,10.570824524312897,33.333333333333336,100.0,50.0,1.8333333333333333,2,3,11,71.83793738489871
S45G01N82,2024-2025,20241213,391,away,70,13,1,18,8,26,1,28,13,20,6,1,1,5,4,2,4,48,19,10,8,48,53,4,2,8,1629,0,0,0,10,-13.260192062570496,47.808764940239044,45.833333333333336,53,13.745704467353951,30.76923076923077,80.0,68.42105263157895,1.625,1,3,12,72.16206261510129,50,11,2,18,9,27,1,32,18,17,4,0,0,4,4,0,0,49,22,13,9,52,53,7,1,6,1629,0,0,0,7,13.260192062570496,51.22143420015761,48.97959183673469,66,10.570824524312897,33.333333333333336,100.0,50.0,1.8333333333333333,1,3,11,72.16206261510129
S45G01N82,2024-2025,20241213,392,away,70,13,1,18,8,26,1,28,13,20,6,1,1,6,5,2,4,48,19,10,8,49,54,4,2,8,1629,0,0,0,10,-12.116268546524097,48.380726698262244,45.833333333333336,54,13.642564802182811,30.76923076923077,83.33333333333333,68.42105263157895,1.625,2,3,12,72.48618784530387,50,11,2,18,9,27,1,32,18,17,4,0,0,4,4,0,0,49,22,13,9,52,53,7,1,6,1629,0,0,0,7,12.116268546524097,51.22143420015761,48.97959183673469,66,10.570824524312897,33.333333333333336,100.0,50.0,1.8333333333333333,2,3,11,72.48618784530387
S45G01N82,2024-2025,20241213,393,away,70,13,1,18,8,26,1,28,13,20,6,1,1,6,5,2,4,48,19,10,8,49,54,4,2,8,1645,0,0,0,10,-9.883337415616623,48.380726698262244,45.833333333333336,54,13.642564802182811,30.76923076923077,83.33333333333333,68.42105263157895,1.625,2,3,12,72.51063829787235,50,11,2,18,9,27,1,32,18,18,4,0,0,4,4,0,0,50,22,13,9,52,54,7,1,6,1645,0,0,0,7,9.883337415616623,50.23183925811438,48.0,65,10.387811634349031,33.333333333333336,100.0,50.0,1.8333333333333333,2,3,11,72.51063829787235
S45G01N82,2024-2025,20241213,394,away,70,13,1,18,8,26,1,28,13,20,6,1,1,6,5,2,4,48,19,10,8,49,54,4,2,8,1647,0,0,0,10,-12.116268546524097,48.380726698262244,45.833333333333336,54,13.642564802182811,30.76923076923077,83.33333333333333,68.42105263157895,1.625,2,3,12,71.69398907103825,50,11,2,18,10,28,1,32,18,18,4,0,0,4,4,0,0,50,22,13,9,52,54,7,1,6,1647,0,0,0,7,12.116268546524097,50.23183925811438,48.0,66,10.387811634349031,35.714285714285715,100.0,50.0,1.8333333333333333,2,3,11,71.69398907103825
S45G01N82,2024-2025,20241213,395,away,70,13,1,18,8,26,1,28,13,20,6,1,1,6,5,2,4,48,19,11,9,49,54,4,2,8,1649,0,0,0,10,-12.116268546524097,48.380726698262244,45.833333333333336,54,13.642564802182811,30.76923076923077,83.33333333333333,68.42105263157895,1.625,2,3,12,71.60703456640388,50,11,2,18,10,28,1,32,18,18,4,0,0,4,4,0,0,50,22,13,9,52,54,7,1,6,1649,0,0,0,7,12.116268546524097,50.23183925811438,48.0,66,10.387811634349031,35.714285714285715,100.0,50.0,1.8333333333333333,2,3,11,71.60703456640388
S45G01N82,2024-2025,20241213,396,away,70,13,1,18,8,26,1,28,13,20,6,1,1,6,5,2,4,48,19,11,9,49,54,4,2,8,1649,0,0,0,10,-12.116268546524097,48.380726698262244,45.833333333333336,54,13.642564802182811,30.76923076923077,83.33333333333333,68.42105263157895,1.625,2,3,12,71.60703456640388,50,11,2,18,10,28,1,32,18,18,4,0,0,4,4,0,0,50,22,13,9,52,54,7,1,6,1649,0,0,0,7,12.116268546524097,50.23183925811438,48.0,66,10.387811634349031,35.714285714285715,100.0,50.0,1.8333333333333333,2,3,11,71.60703456640388
S45G01N82,2024-2025,20241213,397,away,70,13,1,18,8,26,1,28,13,20,6,1,1,6,5,2,4,48,19,11,9,49,54,4,2,8,1664,0,0,0,10,-9.883337415616623,48.380726698262244,45.833333333333336,54,13.642564802182811,30.76923076923077,83.33333333333333,68.42105263157895,1.625,2,3,12,71.6826923076923,50,11,2,18,10,28,1,33,18,18,4,0,0,4,4,0,0,51,22,13,9,52,55,7,1,6,1664,0,0,0,7,9.883337415616623,49.279757391963614,47.05882352941177,65,10.211027910142954,35.714285714285715,100.0,50.0,1.8333333333333333,2,3,11,71.6826923076923
S45G01N82,2024-2025,20241213,398,away,70,13,1,19,8,27,1,28,13,20,6,1,1,6,5,2,4,48,19,11,9,49,54,4,2,8,1665,0,0,0,10,-9.883337415616623,48.380726698262244,45.833333333333336,55,13.642564802182811,30.76923076923077,83.33333333333333,68.42105263157895,1.625,2,3,12,71.63963963963964,50,11,2,18,10,28,1,33,18,18,4,0,0,4,4,0,0,51,22,13,9,52,55,7,1,6,1665,0,0,0,7,9.883337415616623,49.279757391963614,47.05882352941177,65,10.211027910142954,34.48275862068966,100.0,50.0,1.8333333333333333,2,3,11,71.63963963963964
S45G01N82,2024-2025,20241213,399,away,70,13,1,19,8,27,1,28,13,21,6,1,1,6,5,2,4,49,19,11,9,49,55,4,2,8,1672,0,0,0,10,-11.757106846223223,47.44384198295894,44.89795918367347,54,13.41381623071764,30.76923076923077,83.33333333333333,68.42105263157895,1.625,2,3,12,72.05741626794259,50,11,2,18,10,28,1,33,18,18,4,0,0,4,4,0,0,51,22,13,9,52,55,7,1,6,1672,0,0,0,7,11.757106846223223,49.279757391963614,47.05882352941177,65,10.211027910142954,34.48275862068966,100.0,50.0,1.8333333333333333,2,3,11,72.05741626794259
S45G01N82,2024-2025,20241213,400,away,70,13,1,19,8,27,1,28,13,21,6,1,1,6,5,2,4,49,19,11,9,49,55,4,2,8,1673,0,0,0,10,-11.757106846223223,47.44384198295894,44.89795918367347,54,13.41381623071764,29.62962962962963,83.33333333333333,68.42105263157895,1.625,2,3,12,72.01434548714883,50,11,2,19,10,29,1,33,18,18,4,0,0,4,4,0,0,51,22,13,9,52,55,7,1,6,1673,0,0,0,7,11.757106846223223,49.279757391963614,47.05882352941177,66,10.211027910142954,34.48275862068966,100.0,50.0,1.8333333333333333,2,3,11,72.01434548714883
S45G01N82,2024-2025,20241213,401,away,70,13,1,19,8,27,1,28,13,21,6,1,1,6,5,2,4,49,19,11,9,49,55,4,2,8,1686,0,0,0,10,-9.61392375112392,47.44384198295894,44.89795918367347,54,13.41381623071764,29.62962962962963,83.33333333333333,68.42105263157895,1.625,2,3,12,72.17081850533809,50,11,2,19,10,29,1,34,18,18,4,0,0,4,4,0,0,52,22,13,9,52,56,7,1,6,1686,0,0,0,7,9.61392375112392,48.36309523809524,46.15384615384615,65,10.040160642570282,34.48275862068966,100.0,50.0,1.8333333333333333,2,3,11,72.17081850533809
S45G01N82,2024-2025,20241213,402,away,70,13,1,20,8,28,1,28,13,21,6,1,1,6,5,2,4,49,19,11,9,49,55,4,2,8,1688,0,0,0,10,-9.61392375112392,47.44384198295894,44.89795918367347,55,13.41381623071764,29.62962962962963,83.33333333333333,68.42105263157895,1.625,2,3,12,72.08530805687204,50,11,2,19,10,29,1,34,18,18,4,0,0,4,4,0,0,52,22,13,9,52,56,7,1,6,1688,0,0,0,7,9.61392375112392,48.36309523809524,46.15384615384615,65,10.040160642570282,33.333333333333336,100.0,50.0,1.8333333333333333,2,3,11,72.08530805687204
S45G01N82,2024-2025,20241213,403,away,70,13,1,20,8,28,1,29,13,21,6,1,1,6,5,2,4,50,19,11,9,49,56,4,2,8,1703,0,0,0,10,-11.416501334063085,46.54255319148936,44.0,54,13.192612137203167,29.62962962962963,83.33333333333333,68.42105263157895,1.625,2,3,12,72.15502055196713,50,11,2,19,10,29,1,34,18,18,4,0,0,4,4,0,0,52,22,13,9,52,56,7,1,6,1703,0,0,0,7,11.416501334063085,48.36309523809524,46.15384615384615,65,10.040160642570282,33.333333333333336,100.0,50.0,1.8333333333333333,2,3,11,72.15502055196713
S45G01N82,2024-2025,20241213,404,away,70,13,1,20,8,28,1,29,13,21,6,1,1,6,5,2,4,50,19,11,9,49,56,4,2,8,1705,0,0,0,10,-11.416501334063085,46.54255319148936,44.0,54,13.192612137203167,28.571428571428573,83.33333333333333,68.42105263157895,1.625,2,3,12,72.07038123167156,50,11,2,20,10,30,1,34,18,18,4,0,0,4,4,0,0,52,22,13,9,52,56,7,1,6,1705,0,0,0,7,11.416501334063085,48.36309523809524,46.15384615384615,66,10.040160642570282,33.333333333333336,100.0,50.0,1.8333333333333333,2,3,11,72.07038123167156
S45G01N82,2024-2025,20241213,405,away,70,13,1,20,8,28,1,29,13,21,6,1,1,6,5,2,4,50,19,11,9,49,56,4,2,8,1715,0,0,0,10,-13.297872340425542,46.54255319148936,44.0,54,13.192612137203167,28.571428571428573,83.33333333333333,68.42105263157895,1.625,2,3,12,72.34985422740525,50,11,2,20,10,30,1,35,19,18,4,0,0,4,4,0,0,53,23,13,9,54,57,7,1,6,1715,0,0,0,7,13.297872340425542,49.30606281957633,47.16981132075472,68,9.874917709019092,33.333333333333336,100.0,47.82608695652174,1.8333333333333333,2,3,11,72.34985422740525
S45G01N82,2024-2025,20241213,406,away,70,13,1,20,8,28,1,29,13,21,6,1,1,6,5,2,4,50,19,11,9,49,56,4,2,8,1715,0,0,0,10,-13.297872340425542,46.54255319148936,44.0,54,13.192612137203167,28.571428571428573,83.33333333333333,68.42105263157895,1.625,2,3,12,72.34985422740525,50,11,2,20,10,30,1,35,19,18,4,0,0,4,4,0,0,53,23,13,9,54,57,7,1,6,1715,0,0,0,7,13.297872340425542,49.30606281957633,47.16981132075472,68,9.874917709019092,33.333333333333336,100.0,47.82608695652174,1.8333333333333333,2,3,11,72.34985422740525
S45G01N82,2024-2025,20241213,407,away,70,13,1,20,8,28,1,29,13,21,6,1,1,6,5,2,4,50,19,11,9,49,56,4,2,8,1715,0,0,0,10,-13.297872340425542,46.54255319148936,44.0,54,13.192612137203167,28.571428571428573,83.33333333333333,68.42105263157895,1.625,2,3,12,72.34985422740525,50,11,2,20,10,30,1,35,19,18,4,0,0,4,4,0,0,53,23,13,9,54,57,7,1,6,1715,0,0,0,7,13.297872340425542,49.30606281957633,47.16981132075472,68,9.874917709019092,33.333333333333336,100.0,47.82608695652174,1.8333333333333333,2,3,11,72.34985422740525
S45G01N82,2024-2025,20241213,408,away,70,13,1,20,8,28,1,29,13,21,6,1,1,6,5,2,4,50,19,11,9,49,56,4,2,8,1715,0,0,0,10,-13.297872340425542,46.54255319148936,44.0,54,13.192612137203167,28.571428571428573,83.33333333333333,68.42105263157895,1.625,2,3,12,72.34985422740525,50,11,2,20,10,30,1,35,19,18,4,0,0,4,4,0,0,53,23,13,9,54,57,7,1,6,1715,0,0,0,7,13.297872340425542,49.30606281957633,47.16981132075472,68,9.874917709019092,33.333333333333336,100.0,47.82608695652174,1.8333333333333333,2,3,11,72.34985422740525
S45G01N82,2024-2025,20241213,409,away,70,13,1,20,8,28,1,29,13,21,6,1,1,6,5,2,4,50,19,11,9,49,56,4,2,8,1715,0,0,0,10,-13.297872340425542,46.54255319148936,44.0,54,13.192612137203167,28.571428571428573,83.33333333333333,68.42105263157895,1.625,2,3,12,72.34985422740525,50,11,2,20,10,30,1,35,19,18,4,0,0,4,4,0,0,53,23,13,9,54,57,7,1,6,1715,0,0,0,7,13.297872340425542,49.30606281957633,47.16981132075472,68,9.874917709019092,33.333333333333336,100.0,47.82608695652174,1.8333333333333333,2,3,11,72.34985422740525
S45G01N82,2024-2025,20241213,410,away,70,13,1,20,8,28,1,29,13,21,6,1,1,6,5,2,4,50,19,11,9,49,56,4,2,8,1715,0,0,0,10,-13.297872340425542,46.54255319148936,44.0,54,13.192612137203167,28.571428571428573,83.33333333333333,68.42105263157895,1.625,2,3,12,72.34985422740525,50,11,2,20,10,30,1,35,19,18,4,0,0,4,4,0,0,53,23,13,9,54,57,7,1,6,1715,0,0,0,7,13.297872340425542,49.30606281957633,47.16981132075472,68,9.874917709019092,33.333333333333336,100.0,47.82608695652174,1.8333333333333333,2,3,11,72.34985422740525
S45G01N82,2024-2025,20241213,411,away,70,13,1,20,8,28,1,29,13,21,6,1,1,6,5,2,4,50,19,11,9,49,56,4,2,8,1715,0,0,0,10,-13.297872340425542,46.54255319148936,44.0,54,13.192612137203167,28.571428571428573,83.33333333333333,68.42105263157895,1.625,2,3,12,72.34985422740525,50,11,2,20,10,30,1,35,19,18,4,0,0,4,4,0,0,53,23,13,9,54,57,7,1,6,1715,0,0,0,7,13.297872340425542,49.30606281957633,47.16981132075472,68,9.874917709019092,33.333333333333336,100.0,47.82608695652174,1.8333333333333333,2,3,11,72.34985422740525
S45G01N82,2024-2025,20241213,412,away,70,13,1,20,8,28,1,29,13,21,6,1,1,6,5,2,4,50,19,11,9,49,56,4,2,8,1715,0,0,0,10,-13.297872340425542,46.54255319148936,44.0,54,13.192612137203167,28.571428571428573,83.33333333333333,68.42105263157895,1.625,2,3,12,72.34985422740525,50,11,2,20,10,30,1,35,19,18,4,0,0,4,4,0,0,53,23,13,9,54,57,7,1,6,1715,0,0,0,7,13.297872340425542,49.30606281957633,47.16981132075472,68,9.874917709019092,33.333333333333336,100.0,47.82608695652174,1.8333333333333333,2,3,11,72.34985422740525
S45G01N82,2024-2025,20241213,413,away,70,13,1,20,8,28,1,29,13,22,6,1,1,6,5,2,4,51,19,11,9,49,57,4,2,8,1734,0,0,0,10,-15.03323972265855,45.67486950037286,43.13725490196079,53,12.978585334198572,28.571428571428573,83.33333333333333,68.42105263157895,1.625,2,3,12,72.24913494809688,50,11,2,20,10,30,1,35,19,18,4,0,0,4,4,0,0,53,23,13,9,54,57,7,1,6,1734,0,0,0,7,15.03323972265855,49.30606281957633,47.16981132075472,68,9.874917709019092,33.333333333333336,100.0,47.82608695652174,1.8333333333333333,2,3,11,72.24913494809688
S45G01N82,2024-2025,20241213,414,away,70,13,1,20,8,28,1,29,13,22,6,1,1,6,5,2,4,51,19,11,9,49,57,4,2,8,1735,0,0,0,10,-15.03323972265855,45.67486950037286,43.13725490196079,53,12.978585334198572,27.586206896551722,83.33333333333333,68.42105263157895,1.625,2,3,12,72.20749279538906,50,11,2,21,10,31,1,35,19,18,4,0,0,4,4,0,0,53,23,13,9,54,57,7,1,6,1735,0,0,0,7,15.03323972265855,49.30606281957633,47.16981132075472,69,9.874917709019092,33.333333333333336,100.0,47.82608695652174,1.8333333333333333,2,3,11,72.20749279538906
S45G01N82,2024-2025,20241213,415,away,70,13,1,20,8,28,1,29,13,22,6,1,1,6,5,2,4,51,19,11,9,49,57,4,2,8,1741,0,0,0,10,-12.977927150722607,45.67486950037286,43.13725490196079,53,12.978585334198572,27.586206896551722,83.33333333333333,68.42105263157895,1.625,2,3,12,72.64790350373349,50,11,2,21,10,31,1,35,19,18,4,0,0,4,4,0,0,53,23,13,9,54,57,7,1,7,1741,0,0,0,8,12.977927150722607,49.30606281957633,47.16981132075472,68,11.334196891191711,33.333333333333336,100.0,47.82608695652174,1.5714285714285714,2,3,11,72.64790350373349
S45G01N82,2024-2025,20241213,416,away,70,13,1,20,8,28,1,29,13,22,6,1,1,6,5,2,4,51,19,11,9,49,57,5,2,8,1742,0,0,0,10,-12.977927150722607,45.67486950037286,43.13725490196079,54,12.978585334198572,27.586206896551722,83.33333333333333,68.42105263157895,1.625,2,3,12,72.60619977037888,50,11,2,21,10,31,1,35,19,18,4,0,0,4,4,0,0,53,23,13,9,54,57,7,1,7,1742,0,0,0,8,12.977927150722607,49.30606281957633,47.16981132075472,68,11.334196891191711,33.333333333333336,100.0,47.82608695652174,1.5714285714285714,2,3,11,72.60619977037888
S45G01N82,2024-2025,20241213,417,away,70,13,1,20,8,28,1,29,13,23,6,1,1,6,5,2,4,52,19,11,9,49,58,5,2,8,1747,0,0,0,10,-14.649774497002724,44.8389458272328,42.30769230769231,53,12.77139208173691,27.586206896551722,83.33333333333333,68.42105263157895,1.625,2,3,12,73.08528906697195,50,11,2,21,10,31,1,35,19,18,4,0,0,4,4,0,0,53,23,13,9,54,57,7,1,7,1747,0,0,0,8,14.649774497002724,49.30606281957633,47.16981132075472,68,11.334196891191711,33.333333333333336,100.0,47.82608695652174,1.5714285714285714,2,3,11,73.08528906697195
S45G01N82,2024-2025,20241213,418,away,70,13,1,20,8,28,1,29,13,23,6,1,1,6,5,2,4,52,19,11,9,49,58,5,2,8,1749,0,0,0,10,-14.649774497002724,44.8389458272328,42.30769230769231,53,12.77139208173691,26.666666666666668,83.33333333333333,68.42105263157895,1.625,2,3,12,73.00171526586621,50,11,2,22,10,32,1,35,19,18,4,0,0,4,4,0,0,53,23,13,9,54,57,7,1,7,1749,0,0,0,8,14.649774497002724,49.30606281957633,47.16981132075472,69,11.334196891191711,33.333333333333336,100.0,47.82608695652174,1.5714285714285714,2,3,11,73.00171526586621
S45G01N82,2024-2025,20241213,419,away,70,13,1,20,8,28,1,29,13,23,6,1,1,6,5,2,4,52,19,11,9,49,58,5,2,8,1760,0,0,0,10,-14.649774497002724,44.8389458272328,42.30769230769231,53,12.77139208173691,26.666666666666668,83.33333333333333,68.42105263157895,1.625,2,3,12,72.54545454545455,50,11,2,22,10,32,1,35,19,18,4,0,0,4,4,0,0,53,23,14,10,54,57,7,1,7,1760,0,0,0,8,14.649774497002724,49.30606281957633,47.16981132075472,69,11.334196891191711,33.333333333333336,100.0,47.82608695652174,1.5714285714285714,2,3,11,72.54545454545455
S45G01N82,2024-2025,20241213,420,away,70,13,1,20,8,28,1,29,13,23,6,1,1,6,5,2,4,52,19,11,9,49,58,5,2,8,1760,0,0,0,10,-12.67237369807421,44.8389458272328,42.30769230769231,53,12.77139208173691,26.666666666666668,83.33333333333333,68.42105263157895,1.625,2,3,12,73.22727272727272,50,11,2,22,10,32,1,35,19,18,4,0,0,4,4,0,0,53,23,14,10,54,57,7,1,8,1760,0,0,0,9,12.67237369807421,49.30606281957633,47.16981132075472,68,12.746972594008923,33.333333333333336,100.0,47.82608695652174,1.375,2,3,11,73.22727272727272
S45G01N82,2024-2025,20241213,421,away,70,13,1,20,8,28,1,29,13,23,6,1,1,6,5,2,4,52,19,11,9,49,58,5,2,8,1760,0,0,0,10,-12.67237369807421,44.8389458272328,42.30769230769231,53,12.77139208173691,26.666666666666668,83.33333333333333,68.42105263157895,1.625,2,3,12,73.22727272727272,50,11,2,22,10,32,1,35,19,18,4,0,0,4,4,0,0,53,23,14,10,54,57,7,1,8,1760,0,0,0,9,12.67237369807421,49.30606281957633,47.16981132075472,68,12.746972594008923,33.333333333333336,100.0,47.82608695652174,1.375,2,3,11,73.22727272727272
S45G01N82,2024-2025,20241213,422,away,70,13,1,20,8,28,1,29,13,23,6,1,1,6,5,2,4,52,19,11,9,49,58,5,2,8,1760,0,0,0,10,-12.67237369807421,44.8389458272328,42.30769230769231,53,12.77139208173691,26.666666666666668,83.33333333333333,68.42105263157895,1.625,2,3,12,73.22727272727272,50,11,2,22,10,32,1,35,19,18,4,0,0,4,4,0,0,53,23,14,10,54,57,7,1,8,1760,0,0,0,9,12.67237369807421,49.30606281957633,47.16981132075472,68,12.746972594008923,33.333333333333336,100.0,47.82608695652174,1.375,2,3,11,73.22727272727272
S45G01N82,2024-2025,20241213,423,away,70,13,1,20,8,28,1,29,13,23,6,1,1,6,5,2,4,52,19,11,9,49,58,5,2,8,1760,0,0,0,10,-12.67237369807421,44.8389458272328,42.30769230769231,53,12.77139208173691,26.666666666666668,83.33333333333333,68.42105263157895,1.625,2,3,12,73.22727272727272,50,11,2,22,10,32,1,35,19,18,4,0,0,4,4,0,0,53,23,14,10,54,57,7,1,8,1760,0,0,0,9,12.67237369807421,49.30606281957633,47.16981132075472,68,12.746972594008923,33.333333333333336,100.0,47.82608695652174,1.375,2,3,11,73.22727272727272
S45G01N82,2024-2025,20241213,424,away,70,13,1,20,8,28,1,29,13,24,6,1,1,6,5,2,4,53,19,11,9,49,59,5,2,8,1780,0,0,0,10,-14.284125884531178,44.033069734004314,41.509433962264154,52,12.570710245128849,26.666666666666668,83.33333333333333,68.42105263157895,1.625,2,3,12,73.07865168539325,50,11,2,22,10,32,1,35,19,18,4,0,0,4,4,0,0,53,23,14,10,54,57,7,1,8,1780,0,0,0,9,14.284125884531178,49.30606281957633,47.16981132075472,68,12.746972594008923,33.333333333333336,100.0,47.82608695652174,1.375,2,3,11,73.07865168539325
S45G01N82,2024-2025,20241213,425,away,70,13,1,20,8,28,2,29,13,24,6,1,1,6,5,2,4,53,19,11,9,49,59,5,2,8,1780,0,0,0,10,-14.284125884531178,44.033069734004314,41.509433962264154,53,12.570710245128849,26.666666666666668,83.33333333333333,68.42105263157895,1.625,2,3,12,73.07865168539325,50,11,2,22,10,32,1,35,19,18,4,0,0,4,4,0,0,53,23,14,10,54,57,7,1,8,1780,0,0,0,9,14.284125884531178,49.30606281957633,47.16981132075472,68,12.746972594008923,33.333333333333336,100.0,47.82608695652174,1.375,2,3,11,73.07865168539325
S45G01N82,2024-2025,20241213,426,away,70,13,1,20,8,28,2,29,13,24,6,1,1,6,5,2,4,53,19,11,9,49,59,5,2,8,1780,0,0,0,10,-14.284125884531178,44.033069734004314,41.509433962264154,53,12.570710245128849,26.666666666666668,83.33333333333333,68.42105263157895,1.625,2,3,12,73.07865168539325,50,11,2,22,10,32,1,35,19,18,4,0,0,4,4,0,0,53,23,15,10,54,57,7,1,8,1780,0,0,0,9,14.284125884531178,49.30606281957633,47.16981132075472,68,12.746972594008923,33.333333333333336,100.0,47.82608695652174,1.375,2,3,11,73.07865168539325
S45G01N82,2024-2025,20241213,427,away,70,13,1,20,8,28,2,29,13,24,6,1,1,6,5,2,4,53,19,11,9,49,59,5,2,8,1780,0,0,0,10,-14.284125884531178,44.033069734004314,41.509433962264154,53,12.570710245128849,26.666666666666668,83.33333333333333,68.42105263157895,1.625,2,3,12,73.07865168539325,50,11,2,22,10,32,1,35,19,18,4,0,0,4,4,0,0,53,23,15,10,54,57,7,1,8,1780,0,0,0,9,14.284125884531178,49.30606281957633,47.16981132075472,68,12.746972594008923,33.333333333333336,100.0,47.82608695652174,1.375,2,3,11,73.07865168539325
S45G01N82,2024-2025,20241213,428,away,70,13,1,20,8,28,2,29,13,24,6,1,1,6,5,2,4,53,19,11,9,49,59,5,2,8,1780,0,0,0,10,-14.284125884531178,44.033069734004314,41.509433962264154,53,12.570710245128849,26.666666666666668,83.33333333333333,68.42105263157895,1.625,2,3,12,73.07865168539325,50,11,2,22,10,32,1,35,19,18,4,0,0,4,4,0,0,53,23,15,10,54,57,7,1,8,1780,0,0,0,9,14.284125884531178,49.30606281957633,47.16981132075472,68,12.746972594008923,33.333333333333336,100.0,47.82608695652174,1.375,2,3,11,73.07865168539325
S45G01N82,2024-2025,20241213,429,away,70,13,1,20,8,28,2,29,13,24,6,1,1,6,5,2,4,53,19,11,9,49,59,5,2,8,1780,0,0,0,10,-14.284125884531178,44.033069734004314,41.509433962264154,53,12.570710245128849,26.666666666666668,83.33333333333333,68.42105263157895,1.625,2,3,12,73.07865168539325,50,11,2,22,10,32,1,35,19,18,4,0,0,4,4,0,0,53,23,15,10,54,57,7,1,8,1780,0,0,0,9,14.284125884531178,49.30606281957633,47.16981132075472,68,12.746972594008923,33.333333333333336,100.0,47.82608695652174,1.375,2,3,11,73.07865168539325
S45G01N82,2024-2025,20241213,430,away,70,13,1,20,8,28,2,29,13,24,6,1,1,6,5,2,4,53,19,11,9,49,59,5,2,8,1780,0,0,0,10,-14.284125884531178,44.033069734004314,41.509433962264154,53,12.570710245128849,26.666666666666668,83.33333333333333,68.42105263157895,1.625,2,3,12,73.07865168539325,50,11,2,22,10,32,1,35,19,18,4,0,0,4,4,0,0,53,23,15,10,54,57,7,1,8,1780,0,0,0,9,14.284125884531178,49.30606281957633,47.16981132075472,68,12.746972594008923,33.333333333333336,100.0,47.82608695652174,1.375,2,3,11,73.07865168539325
S45G01N82,2024-2025,20241213,431,away,70,13,1,20,8,28,2,29,13,24,6,1,1,6,5,2,4,53,19,11,9,49,59,5,2,8,1780,0,0,0,10,-14.284125884531178,44.033069734004314,41.509433962264154,53,12.570710245128849,26.666666666666668,83.33333333333333,68.42105263157895,1.625,2,3,12,73.07865168539325,50,11,2,22,10,32,1,35,19,18,4,0,0,4,4,0,0,53,23,15,10,54,57,7,1,8,1780,0,0,0,9,14.284125884531178,49.30606281957633,47.16981132075472,68,12.746972594008923,33.333333333333336,100.0,47.82608695652174,1.375,2,3,11,73.07865168539325
S45G01N82,2024-2025,20241213,432,away,70,13,1,20,8,28,2,29,13,24,6,1,1,6,5,2,4,53,19,11,9,49,59,5,2,8,1780,0,0,0,10,-14.284125884531178,44.033069734004314,41.509433962264154,53,12.570710245128849,26.666666666666668,83.33333333333333,68.42105263157895,1.625,2,3,12,73.07865168539325,50,11,2,22,10,32,1,35,19,18,4,0,0,4,4,0,0,53,23,15,10,54,57,7,1,8,1780,0,0,0,9,14.284125884531178,49.30606281957633,47.16981132075472,68,12.746972594008923,33.333333333333336,100.0,47.82608695652174,1.375,2,3,11,73.07865168539325
S45G01N82,2024-2025,20241213,433,away,70,13,1,20,8,28,2,29,13,24,6,1,1,7,5,2,4,53,19,11,9,49,60,5,2,8,1780,0,0,0,10,-14.975087035849356,43.687589158345226,41.509433962264154,52,12.484394506866417,26.666666666666668,71.42857142857143,68.42105263157895,1.625,2,3,12,73.37528089887641,50,11,2,22,10,32,1,35,19,18,4,0,0,4,4,0,0,53,23,15,10,54,57,7,1,8,1780,0,0,0,9,14.975087035849356,49.30606281957633,47.16981132075472,68,12.746972594008923,33.333333333333336,100.0,47.82608695652174,1.375,2,3,11,73.37528089887641
S45G01N82,2024-2025,20241213,434,away,70,13,1,20,8,28,2,29,13,24,6,1,1,8,5,2,4,53,19,11,9,49,61,5,2,8,1782,0,0,0,10,-15.655290122532747,43.34748761500354,41.509433962264154,51,12.399256044637319,26.666666666666668,62.5,68.42105263157895,1.625,2,3,12,73.58922558922559,50,11,2,22,10,32,1,35,19,18,4,0,0,4,4,0,0,53,23,15,10,54,57,7,1,8,1782,0,0,0,9,15.655290122532747,49.30606281957633,47.16981132075472,68,12.746972594008923,33.333333333333336,100.0,47.82608695652174,1.375,2,3,11,73.58922558922559
S45G01N82,2024-2025,20241213,435,away,70,13,1,20,8,28,2,29,13,24,6,1,1,8,5,2,4,53,19,11,9,49,61,5,2,8,1785,0,0,0,10,-15.655290122532747,43.34748761500354,41.509433962264154,51,12.399256044637319,25.806451612903224,62.5,68.42105263157895,1.625,2,3,12,73.4655462184874,50,11,2,23,10,33,1,35,19,18,4,0,0,4,4,0,0,53,23,15,10,54,57,7,1,8,1785,0,0,0,9,15.655290122532747,49.30606281957633,47.16981132075472,69,12.746972594008923,33.333333333333336,100.0,47.82608695652174,1.375,2,3,11,73.4655462184874
S45G01N82,2024-2025,20241213,436,away,70,13,1,20,8,28,2,29,13,24,6,1,1,8,5,2,4,53,19,12,9,49,61,5,2,8,1798,0,0,0,10,-15.655290122532747,43.34748761500354,41.509433962264154,51,12.399256044637319,25.806451612903224,62.5,68.42105263157895,1.625,2,3,12,72.93437152391546,50,11,2,23,10,33,1,35,19,18,4,0,0,4,4,0,0,53,23,15,10,54,57,7,1,8,1798,0,0,0,9,15.655290122532747,49.30606281957633,47.16981132075472,69,12.746972594008923,33.333333333333336,100.0,47.82608695652174,1.375,2,3,11,72.93437152391546
S45G01N82,2024-2025,20241213,437,away,70,13,1,20,8,28,2,29,13,24,6,1,1,8,5,2,4,53,19,12,9,49,61,5,2,8,1798,0,0,0,10,-15.655290122532747,43.34748761500354,41.509433962264154,51,12.399256044637319,25.806451612903224,62.5,68.42105263157895,1.625,2,3,12,72.93437152391546,50,11,2,23,10,33,1,35,19,18,4,0,0,4,4,0,0,53,23,15,10,54,57,7,1,8,1798,0,0,0,9,15.655290122532747,49.30606281957633,47.16981132075472,69,12.746972594008923,33.333333333333336,100.0,47.82608695652174,1.375,2,3,11,72.93437152391546
S45G01N82,2024-2025,20241213,438,away,70,13,1,20,8,28,2,29,13,24,6,1,1,8,5,2,4,53,19,12,9,49,61,5,2,8,1798,0,0,0,10,-15.655290122532747,43.34748761500354,41.509433962264154,51,12.399256044637319,25.806451612903224,62.5,68.42105263157895,1.625,2,3,12,72.93437152391546,50,11,2,23,10,33,1,35,19,18,4,0,0,4,4,0,0,53,23,15,10,54,57,7,1,8,1798,0,0,0,9,15.655290122532747,49.30606281957633,47.16981132075472,69,12.746972594008923,33.333333333333336,100.0,47.82608695652174,1.375,2,3,11,72.93437152391546
S45G01N82,2024-2025,20241213,439,away,70,13,1,20,8,28,2,29,13,24,6,1,1,8,5,2,4,53,19,12,9,49,61,5,2,8,1798,0,0,0,10,-15.655290122532747,43.34748761500354,41.509433962264154,51,12.399256044637319,25.806451612903224,62.5,68.42105263157895,1.625,2,3,12,72.93437152391546,50,11,2,23,10,33,1,35,19,18,4,0,0,4,4,0,0,53,23,15,10,54,57,7,1,8,1798,0,0,0,9,15.655290122532747,49.30606281957633,47.16981132075472,69,12.746972594008923,33.333333333333336,100.0,47.82608695652174,1.375,2,3,11,72.93437152391546
S45G01N82,2024-2025,20241213,440,away,70,13,1,20,8,28,2,29,13,24,6,1,1,8,5,2,4,53,19,12,9,49,61,5,2,8,1798,0,0,0,10,-16.688483416609472,43.34748761500354,41.509433962264154,51,12.399256044637319,25.806451612903224,62.5,68.42105263157895,1.625,3,3,12,73.22803114571747,50,11,2,23,10,33,1,35,19,18,4,0,0,5,5,0,0,53,23,15,10,55,58,7,1,8,1798,0,0,0,9,16.688483416609472,49.81884057971014,47.16981132075472,70,12.658227848101266,33.333333333333336,100.0,47.82608695652174,1.375,3,3,11,73.22803114571747
S45G01N82,2024-2025,20241213,441,away,70,13,1,20,8,28,2,29,13,24,6,1,1,8,5,2,4,53,19,12,9,49,61,5,2,8,1798,0,0,0,10,-17.70472648513089,43.34748761500354,41.509433962264154,51,12.399256044637319,25.806451612903224,62.5,68.42105263157895,1.625,4,3,12,73.52169076751947,50,11,2,23,10,33,1,35,19,18,4,0,0,6,6,0,0,53,23,15,10,56,59,7,1,8,1798,0,0,0,9,17.70472648513089,50.3235082674335,47.16981132075472,71,12.570710245128849,33.333333333333336,100.0,47.82608695652174,1.375,4,3,11,73.52169076751947
S45G01N82,2024-2025,20241213,442,away,70,13,1,20,8,28,2,29,13,25,6,1,1,8,5,2,4,54,19,12,9,49,62,5,2,8,1799,0,0,0,10,-19.211940936278438,42.59388038942976,40.74074074074074,50,12.210012210012207,25.806451612903224,62.5,68.42105263157895,1.625,4,3,12,74.147859922179,50,11,2,23,10,33,1,35,19,18,4,0,0,6,6,0,0,53,23,15,10,56,59,7,1,8,1799,0,0,0,9,19.211940936278438,50.3235082674335,47.16981132075472,71,12.570710245128849,33.333333333333336,100.0,47.82608695652174,1.375,4,3,11,74.147859922179
S45G01N82,2024-2025,20241213,443,away,70,13,1,20,8,28,2,29,13,25,6,1,1,8,5,2,4,54,19,12,9,49,62,5,2,8,1799,0,0,0,10,-19.211940936278438,42.59388038942976,40.74074074074074,50,12.210012210012207,25.806451612903224,62.5,68.42105263157895,1.625,4,3,12,74.147859922179,50,11,2,23,10,33,1,35,19,18,4,0,0,6,6,0,0,53,23,15,10,56,59,7,1,8,1799,0,0,0,9,19.211940936278438,50.3235082674335,47.16981132075472,71,12.570710245128849,33.333333333333336,100.0,47.82608695652174,1.375,4,3,11,74.147859922179
S45G01N82,2024-2025,20241213,444,away,70,13,1,20,8,28,2,29,13,25,6,1,1,8,5,2,4,54,19,12,9,49,62,5,2,8,1800,0,0,0,10,-19.211940936278438,42.59388038942976,40.74074074074074,50,12.210012210012207,25.806451612903224,62.5,68.42105263157895,1.625,4,3,12,74.10666666666667,50,11,2,23,10,33,1,35,19,18,4,0,0,6,6,0,0,53,23,15,10,56,59,7,1,8,1800,0,0,0,9,19.211940936278438,50.3235082674335,47.16981132075472,71,12.570710245128849,33.333333333333336,100.0,47.82608695652174,1.375,4,3,11,74.10666666666667
S45G01N82,2024-2025,20241213,445,away,70,13,1,20,8,28,2,29,13,25,6,1,1,8,5,2,4,54,19,12,9,49,62,5,2,8,1800,0,0,0,10,-19.211940936278438,42.59388038942976,40.74074074074074,50,12.210012210012207,25.806451612903224,62.5,68.42105263157895,1.625,4,3,12,74.10666666666667,50,11,2,23,10,33,1,35,19,18,4,0,0,6,6,0,0,53,23,15,10,56,59,7,1,8,1800,0,0,0,9,19.211940936278438,50.3235082674335,47.16981132075472,71,12.570710245128849,33.333333333333336,100.0,47.82608695652174,1.375,4,3,11,74.10666666666667
S45G01N82,2024-2025,20241213,446,away,70,13,1,20,8,28,2,29,13,25,6,1,1,8,5,2,4,54,19,12,9,49,62,5,2,8,1800,0,0,0,10,-19.211940936278438,42.59388038942976,40.74074074074074,50,12.210012210012207,25.806451612903224,62.5,68.42105263157895,1.625,4,3,12,74.10666666666667,50,11,2,23,10,33,1,35,19,18,4,0,0,6,6,0,0,53,23,15,10,56,59,7,1,8,1800,0,0,0,9,19.211940936278438,50.3235082674335,47.16981132075472,71,12.570710245128849,33.333333333333336,100.0,47.82608695652174,1.375,4,3,11,74.10666666666667
S45G01N82,2024-2025,20241213,447,away,70,13,1,20,8,28,2,29,13,25,6,1,1,8,5,2,4,54,19,12,9,49,62,5,2,8,1800,0,0,0,10,-19.211940936278438,42.59388038942976,40.74074074074074,50,12.210012210012207,25.806451612903224,62.5,68.42105263157895,1.625,4,3,12,74.10666666666667,50,11,2,23,10,33,1,35,19,18,4,0,0,6,6,0,0,53,23,15,10,56,59,7,1,8,1800,0,0,0,9,19.211940936278438,50.3235082674335,47.16981132075472,71,12.570710245128849,33.333333333333336,100.0,47.82608695652174,1.375,4,3,11,74.10666666666667
S45G01N82,2024-2025,20241213,448,away,70,13,1,20,8,28,2,29,13,25,6,1,1,8,5,2,4,54,19,12,9,49,62,5,2,8,1800,0,0,0,10,-19.211940936278438,42.59388038942976,40.74074074074074,50,12.210012210012207,25.806451612903224,62.5,68.42105263157895,1.625,4,3,12,74.10666666666667,50,11,2,23,10,33,1,35,19,18,4,0,0,6,6,0,0,53,23,15,10,56,59,7,1,8,1800,0,0,0,9,19.211940936278438,50.3235082674335,47.16981132075472,71,12.570710245128849,33.333333333333336,100.0,47.82608695652174,1.375,4,3,11,74.10666666666667
S45G01N82,2024-2025,20241213,449,away,70,13,1,20,8,28,2,29,13,25,6,1,1,8,5,2,4,54,19,12,9,49,62,5,2,8,1800,0,0,0,10,-19.211940936278438,42.59388038942976,40.74074074074074,50,12.210012210012207,25.806451612903224,62.5,68.42105263157895,1.625,4,3,12,74.10666666666667,50,11,2,23,10,33,1,35,19,18,4,0,0,6,6,0,0,53,23,15,10,56,59,7,1,8,1800,0,0,0,9,19.211940936278438,50.3235082674335,47.16981132075472,71,12.570710245128849,33.333333333333336,100.0,47.82608695652174,1.375,4,3,11,74.10666666666667
S45G01N82,2024-2025,20241213,450,away,70,13,1,20,8,28,2,29,13,25,6,1,1,8,5,2,4,54,19,12,9,49,62,5,2,8,1800,0,0,0,10,-19.211940936278438,42.59388038942976,40.74074074074074,50,12.210012210012207,25.806451612903224,62.5,68.42105263157895,1.625,4,3,12,74.10666666666667,50,11,2,23,10,33,1,35,19,18,4,0,0,6,6,0,0,53,23,15,10,56,59,7,1,8,1800,0,0,0,9,19.211940936278438,50.3235082674335,47.16981132075472,71,12.570710245128849,33.333333333333336,100.0,47.82608695652174,1.375,4,3,11,74.10666666666667
S45G01N82,2024-2025,20241213,451,away,70,13,1,20,8,28,2,29,13,25,6,1,1,8,5,2,4,54,19,12,9,49,62,5,2,8,1800,0,0,0,10,-19.211940936278438,42.59388038942976,40.74074074074074,50,12.210012210012207,25.806451612903224,62.5,68.42105263157895,1.625,4,3,12,74.10666666666667,50,11,2,23,10,33,1,35,19,18,4,0,0,6,6,0,0,53,23,15,10,56,59,7,1,8,1800,0,0,0,9,19.211940936278438,50.3235082674335,47.16981132075472,71,12.570710245128849,33.333333333333336,100.0,47.82608695652174,1.375,4,3,11,74.10666666666667
S45G01N82,2024-2025,20241213,452,away,70,13,1,20,8,28,2,29,13,25,6,1,1,8,5,2,4,54,19,12,9,49,62,5,2,8,1800,0,0,0,10,-19.211940936278438,42.59388038942976,40.74074074074074,50,12.210012210012207,25.806451612903224,62.5,68.42105263157895,1.625,4,3,12,74.10666666666667,50,11,2,23,10,33,1,35,19,18,4,0,0,6,6,0,0,53,23,15,10,56,59,7,1,8,1800,0,0,0,9,19.211940936278438,50.3235082674335,47.16981132075472,71,12.570710245128849,33.333333333333336,100.0,47.82608695652174,1.375,4,3,11,74.10666666666667
S45G01N82,2024-2025,20241213,453,away,70,13,1,20,8,28,2,29,13,25,6,1,1,8,5,2,4,54,19,12,9,49,62,5,2,8,1800,0,0,0,10,-19.211940936278438,42.59388038942976,40.74074074074074,50,12.210012210012207,25.806451612903224,62.5,68.42105263157895,1.625,4,3,12,74.10666666666667,50,11,2,23,10,33,1,35,19,18,4,0,0,6,6,0,0,53,23,15,10,56,59,7,1,8,1800,0,0,0,9,19.211940936278438,50.3235082674335,47.16981132075472,71,12.570710245128849,33.333333333333336,100.0,47.82608695652174,1.375,4,3,11,74.10666666666667
S45G01N82,2024-2025,20241213,454,away,70,13,1,20,8,28,2,29,13,25,6,1,1,8,5,2,4,54,19,12,9,49,62,5,2,8,1800,0,0,0,10,-19.211940936278438,42.59388038942976,40.74074074074074,50,12.210012210012207,25.806451612903224,62.5,68.42105263157895,1.625,4,3,12,74.10666666666667,50,11,2,23,10,33,1,35,19,18,4,0,0,6,6,0,0,53,23,15,10,56,59,7,1,8,1800,0,0,0,9,19.211940936278438,50.3235082674335,47.16981132075472,71,12.570710245128849,33.333333333333336,100.0,47.82608695652174,1.375,4,3,11,74.10666666666667
S45G01N82,2024-2025,20241213,455,away,70,13,1,20,8,28,2,29,13,25,6,1,1,8,5,2,4,54,19,12,9,49,62,5,2,8,1800,0,0,0,10,-19.211940936278438,42.59388038942976,40.74074074074074,50,12.210012210012207,25.806451612903224,62.5,68.42105263157895,1.625,4,3,12,74.10666666666667,50,11,2,23,10,33,1,35,19,18,4,0,0,6,6,0,0,53,23,15,10,56,59,7,1,8,1800,0,0,0,9,19.211940936278438,50.3235082674335,47.16981132075472,71,12.570710245128849,33.333333333333336,100.0,47.82608695652174,1.375,4,3,11,74.10666666666667
S45G01N82,2024-2025,20241213,456,away,70,13,1,20,8,28,2,29,13,25,6,1,1,8,5,2,4,54,19,12,9,49,62,5,2,8,1800,0,0,0,10,-19.211940936278438,42.59388038942976,40.74074074074074,50,12.210012210012207,25.806451612903224,62.5,68.42105263157895,1.625,4,3,12,74.10666666666667,50,11,2,23,10,33,1,35,19,18,4,0,0,6,6,0,0,53,23,15,10,56,59,7,1,8,1800,0,0,0,9,19.211940936278438,50.3235082674335,47.16981132075472,71,12.570710245128849,33.333333333333336,100.0,47.82608695652174,1.375,4,3,11,74.10666666666667
S45G01N82,2024-2025,20241213,457,away,70,13,1,20,8,28,2,29,13,25,6,1,1,8,5,2,4,54,19,12,9,49,62,5,2,8,1800,0,0,0,10,-19.211940936278438,42.59388038942976,40.74074074074074,50,12.210012210012207,25.806451612903224,62.5,68.42105263157895,1.625,4,3,12,74.10666666666667,50,11,2,23,10,33,1,35,19,18,4,0,0,6,6,0,0,53,23,15,10,56,59,7,1,8,1800,0,0,0,9,19.211940936278438,50.3235082674335,47.16981132075472,71,12.570710245128849,33.333333333333336,100.0,47.82608695652174,1.375,4,3,11,74.10666666666667
S45G01N82,2024-2025,20241213,458,away,70,13,1,20,8,28,2,29,13,25,6,1,1,8,5,2,4,54,19,12,9,49,62,5,2,8,1800,0,0,0,10,-19.211940936278438,42.59388038942976,40.74074074074074,50,12.210012210012207,25.806451612903224,62.5,68.42105263157895,1.625,4,3,12,74.10666666666667,50,11,2,23,10,33,1,35,19,18,4,0,0,6,6,0,0,53,23,15,10,56,59,7,1,8,1800,0,0,0,9,19.211940936278438,50.3235082674335,47.16981132075472,71,12.570710245128849,33.333333333333336,100.0,47.82608695652174,1.375,4,3,11,74.10666666666667
S45G01N82,2024-2025,20241213,459,away,70,13,1,20,8,28,2,29,13,25,6,1,1,8,5,2,4,54,19,12,9,49,62,5,2,8,1800,0,0,0,10,-19.211940936278438,42.59388038942976,40.74074074074074,50,12.210012210012207,25.806451612903224,62.5,68.42105263157895,1.625,4,3,12,74.10666666666667,50,11,2,23,10,33,1,35,19,18,4,0,0,6,6,0,0,53,23,15,10,56,59,7,1,8,1800,0,0,0,9,19.211940936278438,50.3235082674335,47.16981132075472,71,12.570710245128849,33.333333333333336,100.0,47.82608695652174,1.375,4,3,11,74.10666666666667
S45G01N82,2024-2025,20241213,460,away,70,13,1,20,8,28,2,29,13,25,6,1,1,8,5,2,4,54,19,12,9,49,62,5,2,8,1800,0,0,0,10,-19.211940936278438,42.59388038942976,40.74074074074074,50,12.210012210012207,25.806451612903224,62.5,68.42105263157895,1.625,4,3,12,74.10666666666667,50,11,2,23,10,33,1,35,19,18,4,0,0,6,6,0,0,53,23,15,10,56,59,7,1,8,1800,0,0,0,9,19.211940936278438,50.3235082674335,47.16981132075472,71,12.570710245128849,33.333333333333336,100.0,47.82608695652174,1.375,4,3,11,74.10666666666667
S45G01N82,2024-2025,20241213,461,away,70,13,1,20,8,28,2,29,13,25,6,1,1,8,5,2,4,54,19,12,9,49,62,5,2,8,1800,0,0,0,10,-19.211940936278438,42.59388038942976,40.74074074074074,50,12.210012210012207,25.806451612903224,62.5,68.42105263157895,1.625,4,3,12,74.10666666666667,50,11,2,23,10,33,1,35,19,18,4,0,0,6,6,0,0,53,23,15,10,56,59,7,1,8,1800,0,0,0,9,19.211940936278438,50.3235082674335,47.16981132075472,71,12.570710245128849,33.333333333333336,100.0,47.82608695652174,1.375,4,3,11,74.10666666666667
S45G01N82,2024-2025,20241213,462,away,70,13,1,20,8,28,2,29,13,25,6,1,1,8,5,2,4,54,19,12,9,49,62,5,2,8,1800,0,0,0,10,-19.211940936278438,42.59388038942976,40.74074074074074,50,12.210012210012207,25.806451612903224,62.5,68.42105263157895,1.625,4,3,12,74.10666666666667,50,11,2,23,10,33,1,35,19,18,4,0,0,6,6,0,0,53,23,15,10,56,59,7,1,8,1800,0,0,0,9,19.211940936278438,50.3235082674335,47.16981132075472,71,12.570710245128849,33.333333333333336,100.0,47.82608695652174,1.375,4,3,11,74.10666666666667
S45G01N82,2024-2025,20241213,463,away,70,13,1,20,8,28,2,29,13,25,6,1,1,8,5,2,4,54,19,12,9,49,62,5,2,8,1800,0,0,0,10,-19.211940936278438,42.59388038942976,40.74074074074074,50,12.210012210012207,25.806451612903224,62.5,68.42105263157895,1.625,4,3,12,74.10666666666667,50,11,2,23,10,33,1,35,19,18,4,0,0,6,6,0,0,53,23,15,10,56,59,7,1,8,1800,0,0,0,9,19.211940936278438,50.3235082674335,47.16981132075472,71,12.570710245128849,33.333333333333336,100.0,47.82608695652174,1.375,4,3,11,74.10666666666667
S45G01N82,2024-2025,20241213,464,away,70,13,1,20,8,28,2,29,13,25,6,1,1,8,5,2,4,54,19,12,9,49,62,5,2,8,1800,0,0,0,10,-19.211940936278438,42.59388038942976,40.74074074074074,50,12.210012210012207,25.806451612903224,62.5,68.42105263157895,1.625,4,3,12,74.10666666666667,50,11,2,23,10,33,1,35,19,18,4,0,0,6,6,0,0,53,23,15,10,56,59,7,1,8,1800,0,0,0,9,19.211940936278438,50.3235082674335,47.16981132075472,71,12.570710245128849,33.333333333333336,100.0,47.82608695652174,1.375,4,3,11,74.10666666666667
S45G01N82,2024-2025,20241213,465,away,70,13,1,20,8,28,2,29,13,25,6,1,1,8,5,2,4,54,19,12,9,49,62,5,2,8,1800,0,0,0,10,-19.211940936278438,42.59388038942976,40.74074074074074,50,12.210012210012207,25.806451612903224,62.5,68.42105263157895,1.625,4,3,12,74.10666666666667,50,11,2,23,10,33,1,35,19,18,4,0,0,6,6,0,0,53,23,15,10,56,59,7,1,8,1800,0,0,0,9,19.211940936278438,50.3235082674335,47.16981132075472,71,12.570710245128849,33.333333333333336,100.0,47.82608695652174,1.375,4,3,11,74.10666666666667
S45G01N82,2024-2025,20241213,466,away,70,13,1,20,8,28,2,29,13,25,6,1,1,8,5,2,4,54,19,12,9,49,62,5,2,8,1800,0,0,0,10,-19.211940936278438,42.59388038942976,40.74074074074074,50,12.210012210012207,25.806451612903224,62.5,68.42105263157895,1.625,4,3,12,74.10666666666667,50,11,2,23,10,33,1,35,19,18,4,0,0,6,6,0,0,53,23,15,10,56,59,7,1,8,1800,0,0,0,9,19.211940936278438,50.3235082674335,47.16981132075472,71,12.570710245128849,33.333333333333336,100.0,47.82608695652174,1.375,4,3,11,74.10666666666667
S45G01N82,2024-2025,20241213,467,away,70,13,1,20,8,28,2,29,13,25,6,1,1,8,5,2,4,54,19,12,9,49,62,5,2,8,1800,0,0,0,10,-19.211940936278438,42.59388038942976,40.74074074074074,50,12.210012210012207,25.806451612903224,62.5,68.42105263157895,1.625,4,3,12,74.10666666666667,50,11,2,23,10,33,1,35,19,18,4,0,0,6,6,0,0,53,23,15,10,56,59,7,1,8,1800,0,0,0,9,19.211940936278438,50.3235082674335,47.16981132075472,71,12.570710245128849,33.333333333333336,100.0,47.82608695652174,1.375,4,3,11,74.10666666666667
S45G01N82,2024-2025,20241213,468,away,70,13,1,20,8,28,2,29,13,25,6,1,1,8,5,2,4,54,19,12,9,49,62,5,2,8,1800,0,0,0,10,-19.211940936278438,42.59388038942976,40.74074074074074,50,12.210012210012207,25.806451612903224,62.5,68.42105263157895,1.625,4,3,12,74.10666666666667,50,11,2,23,10,33,1,35,19,18,4,0,0,6,6,0,0,53,23,15,10,56,59,7,1,8,1800,0,0,0,9,19.211940936278438,50.3235082674335,47.16981132075472,71,12.570710245128849,33.333333333333336,100.0,47.82608695652174,1.375,4,3,11,74.10666666666667
S45G01N82,2024-2025,20241213,469,away,70,13,1,20,8,28,2,29,13,25,6,1,1,8,5,2,4,54,19,12,9,49,62,5,2,8,1800,0,0,0,10,-19.211940936278438,42.59388038942976,40.74074074074074,50,12.210012210012207,25.806451612903224,62.5,68.42105263157895,1.625,4,3,12,74.10666666666667,50,11,2,23,10,33,1,35,19,18,4,0,0,6,6,0,0,53,23,15,10,56,59,7,1,8,1800,0,0,0,9,19.211940936278438,50.3235082674335,47.16981132075472,71,12.570710245128849,33.333333333333336,100.0,47.82608695652174,1.375,4,3,11,74.10666666666667
S45G01N82,2024-2025,20241213,470,away,70,13,1,20,8,28,2,29,13,25,6,1,1,8,5,2,4,54,19,12,9,49,62,5,2,8,1800,0,0,0,10,-19.211940936278438,42.59388038942976,40.74074074074074,50,12.210012210012207,25.806451612903224,62.5,68.42105263157895,1.625,4,3,12,74.10666666666667,50,11,2,23,10,33,1,35,19,18,4,0,0,6,6,0,0,53,23,15,10,56,59,7,1,8,1800,0,0,0,9,19.211940936278438,50.3235082674335,47.16981132075472,71,12.570710245128849,33.333333333333336,100.0,47.82608695652174,1.375,4,3,11,74.10666666666667
S45G01N82,2024-2025,20241213,471,away,70,13,1,20,8,28,2,29,13,25,6,1,1,8,5,2,4,54,19,12,9,49,62,5,2,8,1800,0,0,0,10,-19.211940936278438,42.59388038942976,40.74074074074074,50,12.210012210012207,25.806451612903224,62.5,68.42105263157895,1.625,4,3,12,74.10666666666667,50,11,2,23,10,33,1,35,19,18,4,0,0,6,6,0,0,53,23,15,10,56,59,7,1,8,1800,0,0,0,9,19.211940936278438,50.3235082674335,47.16981132075472,71,12.570710245128849,33.333333333333336,100.0,47.82608695652174,1.375,4,3,11,74.10666666666667
S45G01N82,2024-2025,20241213,472,away,70,13,1,20,8,28,2,29,13,25,6,1,1,8,5,2,4,54,19,12,9,49,62,5,2,8,1800,0,0,0,10,-19.211940936278438,42.59388038942976,40.74074074074074,50,12.210012210012207,25.806451612903224,62.5,68.42105263157895,1.625,4,3,12,74.10666666666667,50,11,2,23,10,33,1,35,19,18,4,0,0,6,6,0,0,53,23,15,10,56,59,7,1,8,1800,0,0,0,9,19.211940936278438,50.3235082674335,47.16981132075472,71,12.570710245128849,33.333333333333336,100.0,47.82608695652174,1.375,4,3,11,74.10666666666667
S45G01N82,2024-2025,20241213,473,away,70,13,1,20,8,28,2,29,13,25,6,1,1,8,5,2,4,54,19,12,9,49,62,5,2,8,1800,0,0,0,10,-19.211940936278438,42.59388038942976,40.74074074074074,50,12.210012210012207,25.806451612903224,62.5,68.42105263157895,1.625,4,3,12,74.10666666666667,50,11,2,23,10,33,1,35,19,18,4,0,0,6,6,0,0,53,23,15,10,56,59,7,1,8,1800,0,0,0,9,19.211940936278438,50.3235082674335,47.16981132075472,71,12.570710245128849,33.333333333333336,100.0,47.82608695652174,1.375,4,3,11,74.10666666666667
S45G01N82,2024-2025,20241213,474,away,70,13,1,20,8,28,2,29,13,25,6,1,1,8,5,2,4,54,19,12,9,49,62,5,2,8,1800,0,0,0,10,-19.211940936278438,42.59388038942976,40.74074074074074,50,12.210012210012207,25.806451612903224,62.5,68.42105263157895,1.625,4,3,12,74.10666666666667,50,11,2,23,10,33,1,35,19,18,4,0,0,6,6,0,0,53,23,15,10,56,59,7,1,8,1800,0,0,0,9,19.211940936278438,50.3235082674335,47.16981132075472,71,12.570710245128849,33.333333333333336,100.0,47.82608695652174,1.375,4,3,11,74.10666666666667
S45G01N82,2024-2025,20241213,475,away,70,13,1,20,8,28,2,29,13,25,6,1,1,8,5,2,4,54,19,13,10,49,62,5,2,8,1811,0,0,0,10,-19.211940936278438,42.59388038942976,40.74074074074074,50,12.210012210012207,25.806451612903224,62.5,68.42105263157895,1.625,4,3,12,73.65654334621757,50,11,2,23,10,33,1,35,19,18,4,0,0,6,6,0,0,53,23,15,10,56,59,7,1,8,1811,0,0,0,9,19.211940936278438,50.3235082674335,47.16981132075472,71,12.570710245128849,33.333333333333336,100.0,47.82608695652174,1.375,4,3,11,73.65654334621757
S45G01N82,2024-2025,20241213,476,away,70,13,1,20,8,28,2,29,13,25,6,1,1,8,5,2,4,54,19,13,10,49,62,5,2,8,1811,0,0,0,10,-19.211940936278438,42.59388038942976,40.74074074074074,50,12.210012210012207,25.806451612903224,62.5,68.42105263157895,1.625,4,3,12,73.65654334621757,50,11,2,23,10,33,1,35,19,18,4,0,0,6,6,0,0,53,23,15,10,56,59,7,1,8,1811,0,0,0,9,19.211940936278438,50.3235082674335,47.16981132075472,71,12.570710245128849,33.333333333333336,100.0,47.82608695652174,1.375,4,3,11,73.65654334621757
S45G01N82,2024-2025,20241213,477,away,70,13,1,20,8,28,2,29,13,25,6,1,1,8,5,2,4,54,19,13,10,49,62,5,2,8,1819,0,0,0,10,-20.96158036316099,42.59388038942976,40.74074074074074,50,12.210012210012207,25.806451612903224,62.5,68.42105263157895,1.625,6,3,12,73.99230346344146,50,11,2,23,10,33,1,36,20,18,4,0,0,6,6,0,0,54,24,15,10,58,60,7,1,8,1819,0,0,0,9,20.96158036316099,51.20056497175141,48.148148148148145,73,12.376237623762377,33.333333333333336,100.0,45.833333333333336,1.375,6,3,11,73.99230346344146
S45G01N82,2024-2025,20241213,478,away,70,13,1,20,8,28,2,29,13,25,6,1,1,8,5,2,4,54,19,13,10,49,62,5,2,8,1819,0,0,0,10,-20.96158036316099,42.59388038942976,40.74074074074074,50,12.210012210012207,25.806451612903224,62.5,68.42105263157895,1.625,6,3,12,73.99230346344146,50,12,2,23,10,33,1,36,20,18,4,0,0,6,6,0,0,54,24,15,10,58,60,7,1,8,1819,0,0,0,9,20.96158036316099,51.20056497175141,48.148148148148145,74,12.376237623762377,33.333333333333336,100.0,50.0,1.5,6,3,11,73.99230346344146
S45G01N82,2024-2025,20241213,479,away,70,13,1,20,8,28,2,29,13,26,7,1,1,8,5,2,4,55,20,13,10,52,63,5,2,8,1835,0,0,0,10,-17.290831230879036,44.42925495557074,42.72727272727273,53,12.026458208057726,25.806451612903224,62.5,65.0,1.625,3,3,12,74.00108991825614,50,12,2,23,10,33,1,36,20,18,4,0,0,6,6,0,0,54,24,15,10,58,60,7,1,8,1835,0,0,0,9,17.290831230879036,51.20056497175141,48.148148148148145,74,12.376237623762377,33.333333333333336,100.0,50.0,1.5,3,3,11,74.00108991825614
S45G01N82,2024-2025,20241213,480,away,70,14,1,20,8,28,2,29,13,26,7,1,1,8,5,2,4,55,20,13,10,52,63,5,2,8,1835,0,0,0,10,-17.290831230879036,44.42925495557074,42.72727272727273,54,12.026458208057726,25.806451612903224,62.5,70.0,1.75,3,3,12,74.00108991825614,50,12,2,23,10,33,1,36,20,18,4,0,0,6,6,0,0,54,24,15,10,58,60,7,1,8,1835,0,0,0,9,17.290831230879036,51.20056497175141,48.148148148148145,74,12.376237623762377,33.333333333333336,100.0,50.0,1.5,3,3,11,74.00108991825614
S45G01N82,2024-2025,20241213,481,away,70,14,1,20,8,28,2,29,13,26,7,1,1,8,5,2,4,55,20,14,10,52,63,5,2,8,1849,0,0,0,10,-17.290831230879036,44.42925495557074,42.72727272727273,54,12.026458208057726,25.806451612903224,62.5,70.0,1.75,3,3,12,73.44077879935101,50,12,2,23,10,33,1,36,20,18,4,0,0,6,6,0,0,54,24,15,10,58,60,7,1,8,1849,0,0,0,9,17.290831230879036,51.20056497175141,48.148148148148145,74,12.376237623762377,33.333333333333336,100.0,50.0,1.5,3,3,11,73.44077879935101
S45G01N82,2024-2025,20241213,482,away,70,14,1,20,8,28,2,29,13,26,7,1,1,8,5,2,4,55,20,14,10,52,63,5,2,8,1849,0,0,0,10,-17.290831230879036,44.42925495557074,42.72727272727273,54,12.026458208057726,25.806451612903224,62.5,70.0,1.75,3,3,12,73.44077879935101,50,12,2,23,10,33,1,36,20,18,4,0,0,6,6,0,0,54,24,15,10,58,60,7,1,8,1849,0,0,0,9,17.290831230879036,51.20056497175141,48.148148148148145,74,12.376237623762377,33.333333333333336,100.0,50.0,1.5,3,3,11,73.44077879935101
S45G01N82,2024-2025,20241213,483,away,70,14,1,20,8,28,2,29,13,26,7,1,1,8,5,2,4,55,20,14,10,52,63,5,2,8,1849,0,0,0,10,-16.44286990004227,44.42925495557074,42.72727272727273,54,12.026458208057726,25.806451612903224,62.5,70.0,1.75,3,3,12,73.72633856138454,50,12,2,23,10,33,1,36,20,18,4,0,0,7,6,0,0,54,24,15,10,58,61,7,1,8,1849,0,0,0,9,16.44286990004227,50.805886475122634,48.148148148148145,73,12.292562999385373,33.333333333333336,85.71428571428571,50.0,1.5,3,3,11,73.72633856138454
S45G01N82,2024-2025,20241213,484,away,70,14,1,20,8,28,2,29,13,26,7,1,1,8,5,2,4,55,20,14,10,52,63,5,2,8,1849,0,0,0,10,-17.409501616236028,44.42925495557074,42.72727272727273,54,12.026458208057726,25.806451612903224,62.5,70.0,1.75,1,3,12,74.01189832341807,50,12,2,23,10,33,1,36,20,18,4,0,0,8,7,0,0,54,24,15,10,59,62,7,1,8,1849,0,0,0,9,17.409501616236028,51.2865090403338,48.148148148148145,74,12.210012210012207,33.333333333333336,87.5,50.0,1.5,1,3,11,74.01189832341807
S45G01N82,2024-2025,20241213,485,away,70,14,1,20,8,28,2,29,13,27,7,1,1,8,5,2,4,56,20,14,10,52,64,5,2,8,1869,0,0,0,10,-18.902420129528053,43.68279569892473,41.964285714285715,53,11.848341232227487,25.806451612903224,62.5,70.0,1.75,1,3,12,73.86195826645266,50,12,2,23,10,33,1,36,20,18,4,0,0,8,7,0,0,54,24,15,10,59,62,7,1,8,1869,0,0,0,9,18.902420129528053,51.2865090403338,48.148148148148145,74,12.210012210012207,33.333333333333336,87.5,50.0,1.5,1,3,11,73.86195826645266
S45G01N82,2024-2025,20241213,486,away,70,14,1,20,8,28,2,29,13,27,7,1,1,8,5,2,4,56,20,14,10,52,64,5,2,8,1869,0,0,0,10,-18.902420129528053,43.68279569892473,41.964285714285715,53,11.848341232227487,25.806451612903224,62.5,70.0,1.75,1,3,12,73.86195826645266,50,12,2,23,10,33,2,36,20,18,4,0,0,8,7,0,0,54,24,15,10,59,62,7,1,8,1869,0,0,0,9,18.902420129528053,51.2865090403338,48.148148148148145,75,12.210012210012207,33.333333333333336,87.5,50.0,1.5,1,3,11,73.86195826645266
S45G01N82,2024-2025,20241213,487,away,70,14,1,20,8,28,2,29,13,27,7,1,1,8,5,2,4,56,20,15,11,52,64,5,2,8,1869,0,0,0,10,-18.902420129528053,43.68279569892473,41.964285714285715,53,11.848341232227487,25.806451612903224,62.5,70.0,1.75,1,3,12,73.86195826645266,50,12,2,23,10,33,2,36,20,18,4,0,0,8,7,0,0,54,24,15,10,59,62,7,1,8,1869,0,0,0,9,18.902420129528053,51.2865090403338,48.148148148148145,75,12.210012210012207,33.333333333333336,87.5,50.0,1.5,1,3,11,73.86195826645266
S45G01N82,2024-2025,20241213,488,away,70,14,1,20,8,28,2,29,13,27,7,1,1,8,5,2,4,56,20,15,11,52,64,5,2,8,1869,0,0,0,10,-18.902420129528053,43.68279569892473,41.964285714285715,53,11.848341232227487,25.806451612903224,62.5,70.0,1.75,1,3,12,73.86195826645266,50,12,2,23,10,33,2,36,20,18,4,0,0,8,7,0,0,54,24,15,10,59,62,7,1,8,1869,0,0,0,9,18.902420129528053,51.2865090403338,48.148148148148145,75,12.210012210012207,33.333333333333336,87.5,50.0,1.5,1,3,11,73.86195826645266
S45G01N82,2024-2025,20241213,489,away,70,14,1,20,8,28,2,29,13,27,7,1,1,8,5,2,4,56,20,15,11,52,64,5,2,8,1882,0,0,0,10,-20.560806337465465,43.68279569892473,41.964285714285715,53,11.848341232227487,25.806451612903224,62.5,70.0,1.75,3,3,12,73.9893730074389,50,12,2,23,10,33,2,37,21,18,4,0,0,8,7,0,0,55,25,15,10,61,63,7,1,8,1882,0,0,0,9,20.560806337465465,52.11893369788106,49.09090909090909,77,12.026458208057726,33.333333333333336,87.5,48.0,1.5,3,3,11,73.9893730074389
S45G01N82,2024-2025,20241213,490,away,70,14,1,20,8,28,2,29,13,27,7,1,1,8,5,2,4,56,20,15,11,52,64,5,2,8,1882,0,0,0,10,-20.560806337465465,43.68279569892473,41.964285714285715,53,11.848341232227487,25.806451612903224,62.5,70.0,1.75,3,3,12,73.9893730074389,50,13,2,23,10,33,2,37,21,18,4,0,0,8,7,0,0,55,25,15,10,61,63,7,1,8,1882,0,0,0,9,20.560806337465465,52.11893369788106,49.09090909090909,78,12.026458208057726,33.333333333333336,87.5,52.0,1.625,3,3,11,73.9893730074389
S45G01N82,2024-2025,20241213,491,away,70,14,1,20,8,28,2,30,14,27,7,1,1,8,5,2,4,57,21,15,11,54,65,5,2,8,1901,0,0,0,10,-18.699695818593185,44.61335095836087,42.98245614035088,55,11.675423234092234,25.806451612903224,62.5,66.66666666666667,1.75,2,3,12,73.88111520252501,50,13,2,23,10,33,2,37,21,18,4,0,0,8,7,0,0,55,25,15,10,61,63,7,1,8,1901,0,0,0,9,18.699695818593185,52.11893369788106,49.09090909090909,78,12.026458208057726,33.333333333333336,87.5,52.0,1.625,2,3,11,73.88111520252501
S45G01N82,2024-2025,20241213,492,away,70,14,1,20,8,28,2,30,14,27,7,1,1,8,5,2,4,57,21,16,12,54,65,5,2,8,1915,0,0,0,10,-18.699695818593185,44.61335095836087,42.98245614035088,55,11.675423234092234,25.806451612903224,62.5,66.66666666666667,1.75,2,3,12,73.34099216710185,50,13,2,23,10,33,2,37,21,18,4,0,0,8,7,0,0,55,25,15,10,61,63,7,1,8,1915,0,0,0,9,18.699695818593185,52.11893369788106,49.09090909090909,78,12.026458208057726,33.333333333333336,87.5,52.0,1.625,2,3,11,73.34099216710185
S45G01N82,2024-2025,20241213,493,away,70,14,1,20,8,28,2,30,14,27,7,1,1,8,5,2,4,57,21,16,12,54,65,5,2,8,1915,0,0,0,10,-18.699695818593185,44.61335095836087,42.98245614035088,55,11.675423234092234,25.806451612903224,62.5,66.66666666666667,1.75,2,3,12,73.34099216710185,50,13,2,23,10,33,2,37,21,18,4,0,0,8,7,0,0,55,25,15,10,61,63,7,1,8,1915,0,0,0,9,18.699695818593185,52.11893369788106,49.09090909090909,78,12.026458208057726,33.333333333333336,87.5,52.0,1.625,2,3,11,73.34099216710185
S45G01N82,2024-2025,20241213,494,away,70,14,1,20,8,28,2,30,14,27,7,1,1,8,5,2,4,57,21,16,12,54,65,5,2,8,1915,0,0,0,10,-18.699695818593185,44.61335095836087,42.98245614035088,55,11.675423234092234,25.806451612903224,62.5,66.66666666666667,1.75,2,3,12,73.34099216710185,50,13,2,23,10,33,2,37,21,18,4,0,0,8,7,0,0,55,25,15,10,61,63,7,1,8,1915,0,0,0,9,18.699695818593185,52.11893369788106,49.09090909090909,78,12.026458208057726,33.333333333333336,87.5,52.0,1.625,2,3,11,73.34099216710185
S45G01N82,2024-2025,20241213,495,away,70,14,1,20,8,28,2,30,14,27,7,1,1,8,5,2,4,57,21,16,12,54,65,5,2,8,1915,0,0,0,10,-18.699695818593185,44.61335095836087,42.98245614035088,55,11.675423234092234,25.806451612903224,62.5,66.66666666666667,1.75,2,3,12,73.34099216710185,50,13,2,23,10,33,2,37,21,18,4,0,0,8,7,0,0,55,25,15,10,61,63,7,1,8,1915,0,0,0,9,18.699695818593185,52.11893369788106,49.09090909090909,78,12.026458208057726,33.333333333333336,87.5,52.0,1.625,2,3,11,73.34099216710185
S45G01N82,2024-2025,20241213,496,away,70,14,1,20,8,28,2,30,14,27,7,1,1,8,5,2,4,57,21,16,12,54,65,5,2,8,1928,0,0,0,10,-20.300419084669073,44.61335095836087,42.98245614035088,55,11.675423234092234,25.806451612903224,62.5,66.66666666666667,1.75,2,3,12,73.46887966804981,50,13,2,23,10,33,2,38,22,18,4,0,0,8,7,0,0,56,26,15,10,63,64,7,1,8,1928,0,0,0,9,20.300419084669073,52.92338709677419,50.0,80,11.848341232227487,33.333333333333336,87.5,50.0,1.625,2,3,11,73.46887966804981
S45G01N82,2024-2025,20241213,497,away,70,14,1,20,8,28,2,31,14,27,7,1,1,8,5,2,4,58,21,16,12,54,66,5,2,8,1946,0,0,0,10,-21.750788101520854,43.88816644993498,42.241379310344826,54,11.50747986191024,25.806451612903224,62.5,66.66666666666667,1.75,2,3,12,73.4059609455293,50,13,2,23,10,33,2,38,22,18,4,0,0,8,7,0,0,56,26,15,10,63,64,7,1,8,1946,0,0,0,9,21.750788101520854,52.92338709677419,50.0,80,11.848341232227487,33.333333333333336,87.5,50.0,1.625,2,3,11,73.4059609455293
S45G01N82,2024-2025,20241213,498,away,70,14,1,20,8,28,2,31,14,27,7,1,1,8,5,2,4,58,21,16,12,54,66,5,2,8,1950,0,0,0,10,-21.750788101520854,43.88816644993498,42.241379310344826,54,11.50747986191024,25.0,62.5,66.66666666666667,1.75,2,3,12,73.25538461538463,50,13,2,24,10,34,2,38,22,18,4,0,0,8,7,0,0,56,26,15,10,63,64,7,1,8,1950,0,0,0,9,21.750788101520854,52.92338709677419,50.0,81,11.848341232227487,33.333333333333336,87.5,50.0,1.625,2,3,11,73.25538461538463
S45G01N82,2024-2025,20241213,499,away,70,14,1,20,8,28,2,31,14,27,7,1,1,8,5,2,4,58,21,16,12,54,66,5,2,8,1959,0,0,0,10,-25.00562198734808,43.88816644993498,42.241379310344826,54,11.50747986191024,25.0,62.5,66.66666666666667,1.75,5,3,12,73.53139356814702,50,13,2,24,10,34,2,38,22,19,5,0,0,8,7,0,0,57,27,15,10,66,65,7,1,8,1959,0,0,0,9,25.00562198734808,54.52742894910773,51.75438596491228,84,11.675423234092234,33.333333333333336,87.5,48.148148148148145,1.625,5,3,12,73.53139356814702
S45G01N82,2024-2025,20241213,500,away,70,14,1,20,8,28,2,31,14,27,7,1,1,8,5,2,4,58,21,16,12,54,66,5,2,8,1959,0,0,0,10,-25.00562198734808,43.88816644993498,42.241379310344826,54,11.50747986191024,25.0,62.5,66.66666666666667,1.75,5,3,12,73.53139356814702,50,13,2,24,10,34,2,38,22,19,5,0,0,8,7,0,0,57,27,15,10,66,65,7,1,8,1959,0,0,0,9,25.00562198734808,54.52742894910773,51.75438596491228,84,11.675423234092234,33.333333333333336,87.5,48.148148148148145,1.625,5,3,12,73.53139356814702
S45G01N82,2024-2025,20241213,501,away,70,14,1,20,8,28,2,31,14,27,7,1,1,8,5,2,4,58,21,16,12,54,66,5,2,8,1959,0,0,0,10,-25.00562198734808,43.88816644993498,42.241379310344826,54,11.50747986191024,25.0,62.5,66.66666666666667,1.75,5,3,12,73.53139356814702,50,13,2,24,10,34,2,38,22,19,5,0,0,8,7,0,0,57,27,15,10,66,65,7,1,8,1959,0,0,0,9,25.00562198734808,54.52742894910773,51.75438596491228,84,11.675423234092234,33.333333333333336,87.5,48.148148148148145,1.625,5,3,12,73.53139356814702
S45G01N82,2024-2025,20241213,502,away,70,14,1,20,8,28,2,31,14,27,7,1,1,8,5,2,4,58,21,16,12,54,66,5,2,8,1959,0,0,0,10,-25.00562198734808,43.88816644993498,42.241379310344826,54,11.50747986191024,25.0,62.5,66.66666666666667,1.75,5,3,12,73.53139356814702,50,13,2,24,10,34,2,38,22,19,5,0,0,8,7,0,0,57,27,15,10,66,65,7,1,8,1959,0,0,0,9,25.00562198734808,54.52742894910773,51.75438596491228,84,11.675423234092234,33.333333333333336,87.5,48.148148148148145,1.625,5,3,12,73.53139356814702
S45G01N82,2024-2025,20241213,503,away,70,14,1,20,8,28,2,31,14,27,7,1,1,8,5,2,4,58,21,16,12,54,66,5,2,8,1976,0,0,0,10,-25.00562198734808,43.88816644993498,42.241379310344826,54,11.50747986191024,25.0,62.5,66.66666666666667,1.75,5,3,12,72.89878542510122,50,13,2,24,10,34,2,38,22,19,5,0,0,8,7,0,0,57,27,16,11,66,65,7,1,8,1976,0,0,0,9,25.00562198734808,54.52742894910773,51.75438596491228,84,11.675423234092234,33.333333333333336,87.5,48.148148148148145,1.625,5,3,12,72.89878542510122
S45G01N82,2024-2025,20241213,504,away,70,14,1,20,8,28,2,31,14,27,7,1,1,8,5,2,4,58,21,16,12,54,66,5,2,8,1976,0,0,0,10,-25.00562198734808,43.88816644993498,42.241379310344826,54,11.50747986191024,25.0,62.5,66.66666666666667,1.75,5,3,12,72.89878542510122,50,13,2,24,10,34,2,38,22,19,5,0,0,8,7,0,0,57,27,16,11,66,65,7,1,8,1976,0,0,0,9,25.00562198734808,54.52742894910773,51.75438596491228,84,11.675423234092234,33.333333333333336,87.5,48.148148148148145,1.625,5,3,12,72.89878542510122
S45G01N82,2024-2025,20241213,505,away,70,14,1,20,8,28,2,31,14,27,7,1,1,8,5,2,4,58,21,16,12,54,66,5,2,8,1976,0,0,0,10,-25.00562198734808,43.88816644993498,42.241379310344826,54,11.50747986191024,25.0,62.5,66.66666666666667,1.75,5,3,12,72.89878542510122,50,13,2,24,10,34,2,38,22,19,5,0,0,8,7,0,0,57,27,16,11,66,65,7,1,8,1976,0,0,0,9,25.00562198734808,54.52742894910773,51.75438596491228,84,11.675423234092234,33.333333333333336,87.5,48.148148148148145,1.625,5,3,12,72.89878542510122
S45G01N82,2024-2025,20241213,506,away,70,14,1,20,8,28,2,31,14,27,7,1,1,8,5,2,4,58,21,16,12,54,66,5,2,8,1976,0,0,0,10,-25.00562198734808,43.88816644993498,42.241379310344826,54,11.50747986191024,25.0,62.5,66.66666666666667,1.75,5,3,12,72.89878542510122,50,13,2,24,10,34,2,38,22,19,5,0,0,8,7,0,0,57,27,16,11,66,65,7,1,8,1976,0,0,0,9,25.00562198734808,54.52742894910773,51.75438596491228,84,11.675423234092234,33.333333333333336,87.5,48.148148148148145,1.625,5,3,12,72.89878542510122
S45G01N82,2024-2025,20241213,507,away,70,14,1,20,8,28,2,31,14,28,7,1,1,8,5,2,4,59,21,16,12,54,67,5,2,8,1991,0,0,0,10,-26.409594042688283,43.186180422264876,41.52542372881356,53,11.344299489506522,25.0,62.5,66.66666666666667,1.75,5,3,12,72.95228528377702,50,13,2,24,10,34,2,38,22,19,5,0,0,8,7,0,0,57,27,16,11,66,65,7,1,8,1991,0,0,0,9,26.409594042688283,54.52742894910773,51.75438596491228,84,11.675423234092234,33.333333333333336,87.5,48.148148148148145,1.625,5,3,12,72.95228528377702
S45G01N82,2024-2025,20241213,508,away,70,14,1,20,8,28,2,31,14,28,7,1,1,8,5,2,4,59,21,16,12,54,67,5,2,8,1995,0,0,0,10,-26.409594042688283,43.186180422264876,41.52542372881356,53,11.344299489506522,24.242424242424242,62.5,66.66666666666667,1.75,5,3,12,72.806015037594,50,13,2,25,10,35,2,38,22,19,5,0,0,8,7,0,0,57,27,16,11,66,65,7,1,8,1995,0,0,0,9,26.409594042688283,54.52742894910773,51.75438596491228,85,11.675423234092234,33.333333333333336,87.5,48.148148148148145,1.625,5,3,12,72.806015037594
S45G01N82,2024-2025,20241213,509,away,70,14,1,20,8,28,2,31,14,28,7,1,1,8,5,2,4,59,21,17,12,54,67,5,2,8,2011,0,0,0,10,-26.409594042688283,43.186180422264876,41.52542372881356,53,11.344299489506522,24.242424242424242,62.5,66.66666666666667,1.75,5,3,12,72.22675285927401,50,13,2,25,10,35,2,38,22,19,5,0,0,8,7,0,0,57,27,16,11,66,65,7,1,8,2011,0,0,0,9,26.409594042688283,54.52742894910773,51.75438596491228,85,11.675423234092234,33.333333333333336,87.5,48.148148148148145,1.625,5,3,12,72.22675285927401
S45G01N82,2024-2025,20241213,510,away,70,14,1,20,8,28,2,31,14,28,7,1,1,8,5,2,4,59,21,17,12,54,67,5,2,8,2011,0,0,0,10,-26.409594042688283,43.186180422264876,41.52542372881356,53,11.344299489506522,24.242424242424242,62.5,66.66666666666667,1.75,5,3,12,72.22675285927401,50,13,2,25,10,35,2,38,22,19,5,0,0,8,7,0,0,57,27,16,11,66,65,7,1,8,2011,0,0,0,9,26.409594042688283,54.52742894910773,51.75438596491228,85,11.675423234092234,33.333333333333336,87.5,48.148148148148145,1.625,5,3,12,72.22675285927401
S45G01N82,2024-2025,20241213,511,away,70,14,1,20,8,28,2,31,14,28,7,1,1,8,5,2,4,59,21,17,12,54,67,5,2,8,2011,0,0,0,10,-27.26400279183389,43.186180422264876,41.52542372881356,53,11.344299489506522,24.242424242424242,62.5,66.66666666666667,1.75,6,3,12,72.48930880159126,50,13,2,25,10,35,2,38,22,19,5,0,0,9,8,0,0,57,27,16,11,67,66,7,1,8,2011,0,0,0,9,27.26400279183389,54.95406824146981,51.75438596491228,86,11.600928074245939,33.333333333333336,88.88888888888889,48.148148148148145,1.625,6,3,13,72.48930880159126
S45G01N82,2024-2025,20241213,512,away,70,14,1,20,8,28,2,31,14,28,7,1,1,8,5,2,4,59,21,17,12,54,67,5,2,8,2012,0,0,0,10,-26.42225195008305,43.186180422264876,41.52542372881356,53,11.344299489506522,24.242424242424242,62.5,66.66666666666667,1.75,6,3,12,72.71570576540756,50,13,2,25,10,35,2,38,22,19,5,0,0,10,8,0,0,57,27,16,11,67,67,7,1,8,2012,0,0,0,9,26.42225195008305,54.56026058631922,51.75438596491228,85,11.527377521613833,33.333333333333336,80.0,48.148148148148145,1.625,6,3,13,72.71570576540756
S45G01N82,2024-2025,20241213,513,away,70,14,1,21,8,29,2,31,14,28,7,1,1,8,5,2,4,59,21,17,12,54,67,5,2,8,2013,0,0,0,10,-26.42225195008305,43.186180422264876,41.52542372881356,54,11.344299489506522,24.242424242424242,62.5,66.66666666666667,1.75,6,3,12,72.67958271236961,50,13,2,25,10,35,2,38,22,19,5,0,0,10,8,0,0,57,27,16,11,67,67,7,1,8,2013,0,0,0,9,26.42225195008305,54.56026058631922,51.75438596491228,85,11.527377521613833,32.25806451612903,80.0,48.148148148148145,1.625,6,3,13,72.67958271236961
S45G01N82,2024-2025,20241213,514,away,70,14,1,21,8,29,2,31,14,28,7,1,1,8,5,2,4,59,21,17,12,54,67,5,2,9,2031,0,0,0,11,-27.782018336174517,43.186180422264876,41.52542372881356,53,12.583892617449663,24.242424242424242,62.5,66.66666666666667,1.5555555555555556,6,3,12,72.62629246676515,50,13,2,25,10,35,2,38,22,19,5,0,0,10,8,0,0,57,27,16,11,67,67,7,1,8,2031,0,0,0,9,27.782018336174517,54.56026058631922,51.75438596491228,85,11.527377521613833,32.25806451612903,80.0,48.148148148148145,1.625,6,3,13,72.62629246676515
S45G01N82,2024-2025,20241213,515,away,70,14,1,21,8,29,2,31,14,28,7,1,1,8,5,2,4,59,21,17,12,54,67,5,2,9,2033,0,0,0,11,-27.782018336174517,43.186180422264876,41.52542372881356,53,12.583892617449663,24.242424242424242,62.5,66.66666666666667,1.5555555555555556,6,3,12,72.55484505656665,50,13,2,25,10,35,2,38,22,19,5,0,0,10,8,0,0,57,27,16,11,67,67,8,1,8,2033,0,0,0,9,27.782018336174517,54.56026058631922,51.75438596491228,86,11.527377521613833,32.25806451612903,80.0,48.148148148148145,1.625,6,3,13,72.55484505656665
S45G01N82,2024-2025,20241213,516,away,70,14,1,21,8,29,2,31,14,28,7,1,1,8,5,2,4,59,21,17,12,54,67,5,2,9,2034,0,0,0,11,-29.22581613758821,43.186180422264876,41.52542372881356,53,12.583892617449663,24.242424242424242,62.5,66.66666666666667,1.5555555555555556,8,3,12,73.10914454277287,50,13,2,25,10,35,2,39,23,19,5,0,0,10,8,0,0,58,28,16,11,69,68,8,1,8,2034,0,0,0,9,29.22581613758821,55.28846153846154,52.58620689655172,88,11.363636363636363,32.25806451612903,80.0,46.42857142857143,1.625,8,3,15,73.10914454277287
S45G01N82,2024-2025,20241213,517,away,70,14,1,21,8,29,2,31,14,28,7,1,1,8,5,2,4,59,21,17,12,54,67,5,2,9,2034,0,0,0,11,-29.22581613758821,43.186180422264876,41.52542372881356,53,12.583892617449663,24.242424242424242,62.5,66.66666666666667,1.5555555555555556,8,3,12,73.10914454277287,50,14,2,25,10,35,2,39,23,19,5,0,0,10,8,0,0,58,28,16,11,69,68,8,1,8,2034,0,0,0,9,29.22581613758821,55.28846153846154,52.58620689655172,89,11.363636363636363,32.25806451612903,80.0,50.0,1.75,8,3,15,73.10914454277287
S45G01N82,2024-2025,20241213,518,away,70,14,1,21,8,29,2,31,14,28,7,1,1,8,5,2,4,59,21,17,12,54,67,5,2,9,2034,0,0,0,11,-29.22581613758821,43.186180422264876,41.52542372881356,53,12.583892617449663,24.242424242424242,62.5,66.66666666666667,1.5555555555555556,8,3,12,73.10914454277287,50,14,2,25,10,35,2,39,23,19,5,0,0,10,8,1,2,58,28,16,11,69,68,8,1,8,2034,0,0,0,9,29.22581613758821,55.28846153846154,52.58620689655172,89,11.363636363636363,32.25806451612903,80.0,50.0,1.75,8,3,15,73.10914454277287
S45G01N82,2024-2025,20241213,519,away,70,14,1,21,8,29,2,31,14,28,7,1,1,8,5,2,4,59,21,17,12,54,67,5,2,9,2034,0,0,0,11,-29.22581613758821,43.186180422264876,41.52542372881356,53,12.583892617449663,24.242424242424242,62.5,66.66666666666667,1.5555555555555556,8,3,12,73.10914454277287,50,14,2,25,10,35,2,39,23,19,5,0,0,10,8,1,2,58,28,16,11,69,68,8,1,8,2034,0,0,0,9,29.22581613758821,55.28846153846154,52.58620689655172,89,11.363636363636363,32.25806451612903,80.0,50.0,1.75,8,3,15,73.10914454277287
S45G01N82,2024-2025,20241213,520,away,70,14,1,21,8,29,2,31,14,28,7,1,1,8,5,2,4,59,21,17,12,54,67,5,2,9,2034,0,0,0,11,-29.22581613758821,43.186180422264876,41.52542372881356,53,12.583892617449663,24.242424242424242,62.5,66.66666666666667,1.5555555555555556,8,3,12,73.10914454277287,50,14,2,25,10,35,2,39,23,19,5,0,0,10,8,1,2,58,28,16,11,69,68,8,1,8,2034,0,0,0,9,29.22581613758821,55.28846153846154,52.58620689655172,89,11.363636363636363,32.25806451612903,80.0,50.0,1.75,8,3,15,73.10914454277287
S45G01N82,2024-2025,20241213,521,away,70,14,1,21,8,29,2,31,14,28,7,1,1,8,5,2,4,59,21,17,12,54,67,5,2,9,2034,0,0,0,11,-29.22581613758821,43.186180422264876,41.52542372881356,53,12.583892617449663,24.242424242424242,62.5,66.66666666666667,1.5555555555555556,8,3,12,73.10914454277287,50,14,2,25,10,35,2,39,23,19,5,0,0,10,8,1,2,58,28,16,11,69,68,8,1,8,2034,0,0,0,9,29.22581613758821,55.28846153846154,52.58620689655172,89,11.363636363636363,32.25806451612903,80.0,50.0,1.75,8,3,15,73.10914454277287
S45G01N82,2024-2025,20241213,522,away,70,14,1,21,8,29,2,32,14,28,7,1,1,8,5,2,4,60,21,17,12,54,68,5,2,9,2042,0,0,0,11,-30.54343229472458,42.50629722921914,40.833333333333336,52,12.410369553226694,24.242424242424242,62.5,66.66666666666667,1.5555555555555556,8,3,12,73.4103819784525,50,14,2,25,10,35,2,39,23,19,5,0,0,10,8,1,2,58,28,16,11,69,68,8,1,8,2042,0,0,0,9,30.54343229472458,55.28846153846154,52.58620689655172,89,11.363636363636363,32.25806451612903,80.0,50.0,1.75,8,3,15,73.4103819784525
S45G01N82,2024-2025,20241213,523,away,70,14,1,21,8,29,2,32,14,28,7,1,1,8,5,2,4,60,21,17,12,54,68,5,2,9,2042,0,0,0,11,-30.54343229472458,42.50629722921914,40.833333333333336,52,12.410369553226694,24.242424242424242,62.5,66.66666666666667,1.5555555555555556,8,3,12,73.4103819784525,50,14,3,25,10,35,2,39,23,19,5,0,0,10,8,1,2,58,28,16,11,69,68,8,1,8,2042,0,0,0,9,30.54343229472458,55.28846153846154,52.58620689655172,90,11.363636363636363,32.25806451612903,80.0,50.0,1.75,8,3,15,73.4103819784525
S45G01N82,2024-2025,20241213,524,away,70,14,1,21,8,29,3,32,14,28,7,1,1,8,5,2,4,60,21,17,12,54,68,5,2,9,2042,0,0,0,11,-30.54343229472458,42.50629722921914,40.833333333333336,53,12.410369553226694,24.242424242424242,62.5,66.66666666666667,1.5555555555555556,8,3,12,73.4103819784525,50,14,3,25,10,35,2,39,23,19,5,0,0,10,8,1,2,58,28,16,11,69,68,8,1,8,2042,0,0,0,9,30.54343229472458,55.28846153846154,52.58620689655172,90,11.363636363636363,32.25806451612903,80.0,50.0,1.75,8,3,15,73.4103819784525
S45G01N82,2024-2025,20241213,525,away,70,14,1,21,8,29,3,32,14,28,7,1,1,8,5,2,4,60,21,17,12,54,68,5,2,10,2044,0,0,0,12,-31.820828178444074,42.50629722921914,40.833333333333336,52,13.601741022850923,24.242424242424242,62.5,66.66666666666667,1.4,8,3,12,73.92563600782779,50,14,3,25,10,35,2,39,23,19,5,0,0,10,8,1,2,58,28,16,11,69,68,8,1,8,2044,0,0,0,9,31.820828178444074,55.28846153846154,52.58620689655172,90,11.363636363636363,32.25806451612903,80.0,50.0,1.75,8,3,15,73.92563600782779
S45G01N82,2024-2025,20241213,526,away,70,14,1,21,8,29,3,32,14,28,7,1,1,8,5,2,4,60,21,17,12,54,68,5,2,10,2063,0,0,0,12,-29.96026774528403,42.50629722921914,40.833333333333336,52,13.601741022850923,24.242424242424242,62.5,66.66666666666667,1.4,8,3,12,73.8264663111973,50,14,3,25,10,35,2,40,23,19,5,0,0,10,8,1,2,59,28,16,11,69,69,8,1,8,2063,0,0,0,9,29.96026774528403,54.41640378548896,51.69491525423729,89,11.204481792717086,32.25806451612903,80.0,50.0,1.75,8,3,15,73.8264663111973
S45G01N82,2024-2025,20241213,527,away,70,14,2,21,8,29,3,32,14,28,7,1,1,8,5,2,4,60,21,17,12,54,68,5,2,10,2065,0,0,0,12,-29.96026774528403,42.50629722921914,40.833333333333336,53,13.601741022850923,24.242424242424242,62.5,66.66666666666667,1.4,8,3,12,73.75496368038742,50,14,3,25,10,35,2,40,23,19,5,0,0,10,8,1,2,59,28,16,11,69,69,8,1,8,2065,0,0,0,9,29.96026774528403,54.41640378548896,51.69491525423729,89,11.204481792717086,32.25806451612903,80.0,50.0,1.75,8,3,15,73.75496368038742
S45G01N82,2024-2025,20241213,528,away,70,14,2,22,8,30,3,32,14,28,7,1,1,8,5,2,4,60,21,17,12,54,68,5,2,10,2066,0,0,0,12,-29.96026774528403,42.50629722921914,40.833333333333336,54,13.601741022850923,24.242424242424242,62.5,66.66666666666667,1.4,8,3,12,73.71926427879961,50,14,3,25,10,35,2,40,23,19,5,0,0,10,8,1,2,59,28,16,11,69,69,8,1,8,2066,0,0,0,9,29.96026774528403,54.41640378548896,51.69491525423729,89,11.204481792717086,31.25,80.0,50.0,1.75,8,3,15,73.71926427879961
S45G01N82,2024-2025,20241213,529,away,70,14,2,22,8,30,3,32,14,28,7,1,1,8,5,2,4,60,21,17,12,54,68,5,2,10,2069,0,0,0,12,-29.96026774528403,42.50629722921914,40.833333333333336,54,13.601741022850923,24.242424242424242,62.5,66.66666666666667,1.4,8,3,12,73.61237312711455,50,14,3,25,10,35,2,40,23,19,5,0,0,10,8,1,2,59,28,17,12,69,69,8,1,8,2069,0,0,0,9,29.96026774528403,54.41640378548896,51.69491525423729,89,11.204481792717086,31.25,80.0,50.0,1.75,8,3,15,73.61237312711455
S45G01N82,2024-2025,20241213,530,away,70,14,2,22,8,30,3,32,14,28,7,1,1,8,5,2,4,60,21,17,12,54,68,5,2,10,2069,0,0,0,12,-29.96026774528403,42.50629722921914,40.833333333333336,54,13.601741022850923,24.242424242424242,62.5,66.66666666666667,1.4,8,3,12,73.61237312711455,50,14,3,25,10,35,2,40,23,19,5,0,0,10,8,1,2,59,28,17,12,69,69,8,1,8,2069,0,0,0,9,29.96026774528403,54.41640378548896,51.69491525423729,89,11.204481792717086,31.25,80.0,50.0,1.75,8,3,15,73.61237312711455
S45G01N82,2024-2025,20241213,531,away,70,14,2,22,8,30,3,32,14,28,7,1,1,8,5,2,4,60,21,17,12,54,68,5,2,10,2069,0,0,0,12,-29.96026774528403,42.50629722921914,40.833333333333336,54,13.601741022850923,24.242424242424242,62.5,66.66666666666667,1.4,8,3,12,73.61237312711455,50,14,3,25,10,35,2,40,23,19,5,0,0,10,8,1,2,59,28,18,13,69,69,8,1,8,2069,0,0,0,9,29.96026774528403,54.41640378548896,51.69491525423729,89,11.204481792717086,31.25,80.0,50.0,1.75,8,3,15,73.61237312711455
S45G01N82,2024-2025,20241213,532,away,70,14,2,22,8,30,3,32,14,28,7,1,1,8,5,2,4,60,21,17,12,54,68,5,2,10,2069,0,0,0,12,-29.96026774528403,42.50629722921914,40.833333333333336,54,13.601741022850923,24.242424242424242,62.5,66.66666666666667,1.4,8,3,12,73.61237312711455,50,14,3,25,10,35,2,40,23,19,5,0,0,10,8,1,2,59,28,18,13,69,69,8,1,8,2069,0,0,0,9,29.96026774528403,54.41640378548896,51.69491525423729,89,11.204481792717086,31.25,80.0,50.0,1.75,8,3,15,73.61237312711455
S45G01N82,2024-2025,20241213,533,away,70,14,2,22,8,30,3,33,15,28,7,1,1,8,5,2,4,61,22,17,12,56,69,5,2,10,2084,0,0,0,12,-28.192642706462337,43.39739615623063,41.80327868852459,56,13.419216317767043,24.242424242424242,62.5,63.63636363636363,1.4,2,3,12,73.65834932821497,50,14,3,25,10,35,2,40,23,19,5,0,0,10,8,1,2,59,28,18,13,69,69,8,1,8,2084,0,0,0,9,28.192642706462337,54.41640378548896,51.69491525423729,89,11.204481792717086,31.25,80.0,50.0,1.75,2,3,15,73.65834932821497
S45G01N82,2024-2025,20241213,534,away,70,14,2,22,8,30,3,33,15,28,7,1,1,8,5,2,4,61,22,17,12,56,69,5,2,10,2102,0,0,0,12,-29.59684382564717,43.39739615623063,41.80327868852459,56,13.419216317767043,24.242424242424242,62.5,63.63636363636363,1.4,2,3,12,73.59847764034255,50,14,3,25,10,35,2,41,24,19,5,0,0,10,8,1,2,60,29,18,13,71,70,8,1,8,2102,0,0,0,9,29.59684382564717,55.12422360248447,52.5,91,11.049723756906076,31.25,80.0,48.275862068965516,1.75,2,3,15,73.59847764034255
S45G01N82,2024-2025,20241213,535,away,70,14,2,22,8,30,3,33,15,28,7,1,1,8,5,2,4,61,22,17,12,56,69,5,2,11,2116,0,0,0,13,-30.843662656458847,43.39739615623063,41.80327868852459,55,14.565677966101696,24.242424242424242,62.5,63.63636363636363,1.2727272727272727,2,3,12,73.67863894139887,50,14,3,25,10,35,2,41,24,19,5,0,0,10,8,1,2,60,29,18,13,71,70,8,1,8,2116,0,0,0,9,30.843662656458847,55.12422360248447,52.5,91,11.049723756906076,31.25,80.0,48.275862068965516,1.75,2,3,15,73.67863894139887
S45G01N82,2024-2025,20241213,536,away,70,14,2,22,8,30,3,33,15,28,7,1,1,8,5,2,4,61,22,17,12,56,69,5,2,11,2118,0,0,0,13,-30.843662656458847,43.39739615623063,41.80327868852459,55,14.565677966101696,24.242424242424242,62.5,63.63636363636363,1.2727272727272727,2,3,12,73.60906515580737,50,14,3,25,10,35,2,41,24,19,5,0,0,10,8,1,2,60,29,18,13,71,70,9,1,8,2118,0,0,0,9,30.843662656458847,55.12422360248447,52.5,92,11.049723756906076,31.25,80.0,48.275862068965516,1.75,2,3,15,73.60906515580737
S45G01N82,2024-2025,20241213,537,away,70,14,2,22,8,30,3,33,15,28,7,1,1,8,5,2,4,61,22,17,12,56,69,5,2,11,2134,0,0,0,13,-32.20356721036971,43.39739615623063,41.80327868852459,55,14.565677966101696,24.242424242424242,62.5,63.63636363636363,1.2727272727272727,4,3,12,73.61949390815371,50,14,3,25,10,35,2,42,25,19,5,0,0,10,8,1,2,61,30,18,13,73,71,9,1,8,2134,0,0,0,9,32.20356721036971,55.810397553516815,53.278688524590166,94,10.899182561307901,31.25,80.0,46.666666666666664,1.75,4,3,17,73.61949390815371
S45G01N82,2024-2025,20241213,538,away,70,14,2,22,8,30,3,33,15,28,7,1,1,8,5,2,4,61,22,17,12,56,69,5,2,11,2134,0,0,0,13,-32.20356721036971,43.39739615623063,41.80327868852459,55,14.565677966101696,24.242424242424242,62.5,63.63636363636363,1.2727272727272727,4,3,12,73.61949390815371,50,15,3,25,10,35,2,42,25,19,5,0,0,10,8,1,2,61,30,18,13,73,71,9,1,8,2134,0,0,0,9,32.20356721036971,55.810397553516815,53.278688524590166,95,10.899182561307901,31.25,80.0,50.0,1.875,4,3,17,73.61949390815371
S45G01N82,2024-2025,20241213,539,away,70,14,2,22,8,30,3,33,15,29,7,1,1,8,5,2,4,62,22,17,12,56,70,5,2,11,2147,0,0,0,13,-33.413993197316486,42.73504273504274,41.12903225806452,54,14.375326711970727,24.242424242424242,62.5,63.63636363636363,1.2727272727272727,4,3,12,73.73265020959478,50,15,3,25,10,35,2,42,25,19,5,0,0,10,8,1,2,61,30,18,13,73,71,9,1,8,2147,0,0,0,9,33.413993197316486,55.810397553516815,53.278688524590166,95,10.899182561307901,31.25,80.0,50.0,1.875,4,3,17,73.73265020959478
S45G01N82,2024-2025,20241213,540,away,70,14,2,22,8,30,3,33,15,29,7,1,1,8,5,2,4,62,22,17,12,56,70,5,2,11,2150,0,0,0,13,-33.413993197316486,42.73504273504274,41.12903225806452,54,14.375326711970727,23.529411764705884,62.5,63.63636363636363,1.2727272727272727,4,3,12,73.62976744186048,50,15,3,26,10,36,2,42,25,19,5,0,0,10,8,1,2,61,30,18,13,73,71,9,1,8,2150,0,0,0,9,33.413993197316486,55.810397553516815,53.278688524590166,96,10.899182561307901,31.25,80.0,50.0,1.875,4,3,17,73.62976744186048
S45G01N82,2024-2025,20241213,541,away,70,14,2,22,8,30,3,33,15,29,7,1,1,8,5,2,4,62,22,17,12,56,70,5,2,11,2169,0,0,0,13,-34.73166469054689,42.73504273504274,41.12903225806452,54,14.375326711970727,23.529411764705884,62.5,63.63636363636363,1.2727272727272727,6,3,12,73.53803596127248,50,15,3,26,10,36,2,43,26,19,5,0,0,10,8,1,2,62,31,18,13,75,72,9,1,8,2169,0,0,0,9,34.73166469054689,56.47590361445783,54.03225806451613,98,10.75268817204301,31.25,80.0,48.38709677419355,1.875,6,3,19,73.53803596127248
S45G01N82,2024-2025,20241213,542,away,70,14,2,22,8,30,3,33,15,29,7,1,1,8,5,2,4,62,22,17,12,56,70,5,2,11,2169,0,0,0,13,-34.73166469054689,42.73504273504274,41.12903225806452,54,14.375326711970727,23.529411764705884,62.5,63.63636363636363,1.2727272727272727,6,3,12,73.53803596127248,50,16,3,26,10,36,2,43,26,19,5,0,0,10,8,1,2,62,31,18,13,75,72,9,1,8,2169,0,0,0,9,34.73166469054689,56.47590361445783,54.03225806451613,99,10.75268817204301,31.25,80.0,51.61290322580645,2.0,6,3,19,73.53803596127248
S45G01N82,2024-2025,20241213,543,away,70,14,2,22,8,30,3,33,15,29,7,1,1,8,5,2,4,62,22,17,12,56,70,5,2,11,2186,0,0,0,13,-34.73166469054689,42.73504273504274,41.12903225806452,54,14.375326711970727,23.529411764705884,62.5,63.63636363636363,1.2727272727272727,6,3,12,72.9661482159195,50,16,3,26,10,36,2,43,26,19,5,0,0,10,8,1,2,62,31,19,14,75,72,9,1,8,2186,0,0,0,9,34.73166469054689,56.47590361445783,54.03225806451613,99,10.75268817204301,31.25,80.0,51.61290322580645,2.0,6,3,19,72.9661482159195
S45G01N82,2024-2025,20241213,544,away,70,14,2,22,8,30,3,33,15,29,7,1,1,8,5,2,4,62,22,17,12,56,70,5,2,11,2186,0,0,0,13,-34.73166469054689,42.73504273504274,41.12903225806452,54,14.375326711970727,23.529411764705884,62.5,63.63636363636363,1.2727272727272727,6,3,12,72.9661482159195,50,16,3,26,10,36,2,43,26,19,5,0,0,10,8,1,2,62,31,19,14,75,72,9,1,8,2186,0,0,0,9,34.73166469054689,56.47590361445783,54.03225806451613,99,10.75268817204301,31.25,80.0,51.61290322580645,2.0,6,3,19,72.9661482159195
S45G01N82,2024-2025,20241213,545,away,70,14,2,22,8,30,3,33,15,29,7,1,1,8,5,2,4,62,22,17,12,56,70,5,2,11,2186,0,0,0,13,-34.73166469054689,42.73504273504274,41.12903225806452,54,14.375326711970727,23.529411764705884,62.5,63.63636363636363,1.2727272727272727,6,3,12,72.9661482159195,50,16,3,26,10,36,2,43,26,19,5,0,0,10,8,1,2,62,31,19,14,75,72,9,1,8,2186,0,0,0,9,34.73166469054689,56.47590361445783,54.03225806451613,99,10.75268817204301,31.25,80.0,51.61290322580645,2.0,6,3,19,72.9661482159195
S45G01N82,2024-2025,20241213,546,away,70,14,2,22,8,30,3,33,15,29,7,1,1,8,5,2,4,62,22,17,12,56,70,5,2,11,2186,0,0,0,13,-34.73166469054689,42.73504273504274,41.12903225806452,54,14.375326711970727,23.529411764705884,62.5,63.63636363636363,1.2727272727272727,6,3,12,72.9661482159195,50,16,3,26,10,36,2,43,26,19,5,0,0,10,8,1,2,62,31,19,14,75,72,9,1,8,2186,0,0,0,9,34.73166469054689,56.47590361445783,54.03225806451613,99,10.75268817204301,31.25,80.0,51.61290322580645,2.0,6,3,19,72.9661482159195
S45G01N82,2024-2025,20241213,547,away,70,14,2,22,8,30,3,33,15,29,7,1,1,8,5,2,4,62,22,17,12,56,70,5,2,11,2186,0,0,0,13,-34.73166469054689,42.73504273504274,41.12903225806452,54,14.375326711970727,23.529411764705884,62.5,63.63636363636363,1.2727272727272727,6,3,12,72.9661482159195,50,16,3,26,10,36,2,43,26,19,5,0,0,10,8,1,2,62,31,19,14,75,72,9,1,8,2186,0,0,0,9,34.73166469054689,56.47590361445783,54.03225806451613,99,10.75268817204301,31.25,80.0,51.61290322580645,2.0,6,3,19,72.9661482159195
S45G01N82,2024-2025,20241213,548,away,70,14,2,22,8,30,3,33,15,29,7,1,1,8,5,2,4,62,22,17,12,56,70,5,2,11,2186,0,0,0,13,-34.73166469054689,42.73504273504274,41.12903225806452,54,14.375326711970727,23.529411764705884,62.5,63.63636363636363,1.2727272727272727,6,3,12,72.9661482159195,50,16,3,26,10,36,2,43,26,19,5,0,0,10,8,1,2,62,31,19,14,75,72,9,1,8,2186,0,0,0,9,34.73166469054689,56.47590361445783,54.03225806451613,99,10.75268817204301,31.25,80.0,51.61290322580645,2.0,6,3,19,72.9661482159195
S45G01N82,2024-2025,20241213,549,away,70,14,2,22,8,30,3,33,15,29,7,1,1,8,5,2,4,62,22,17,12,56,70,5,2,11,2186,0,0,0,13,-34.73166469054689,42.73504273504274,41.12903225806452,54,14.375326711970727,23.529411764705884,62.5,63.63636363636363,1.2727272727272727,6,3,12,72.9661482159195,50,16,3,26,10,36,2,43,26,19,5,0,0,10,8,1,2,62,31,19,14,75,72,9,1,8,2186,0,0,0,9,34.73166469054689,56.47590361445783,54.03225806451613,99,10.75268817204301,31.25,80.0,51.61290322580645,2.0,6,3,19,72.9661482159195
S45G01N82,2024-2025,20241213,550,away,70,14,2,22,8,30,3,33,15,29,7,1,1,8,5,2,4,62,22,17,12,56,70,5,2,11,2186,0,0,0,13,-34.73166469054689,42.73504273504274,41.12903225806452,54,14.375326711970727,23.529411764705884,62.5,63.63636363636363,1.2727272727272727,6,3,12,72.9661482159195,50,16,3,26,10,36,2,43,26,19,5,0,0,10,8,1,2,62,31,19,14,75,72,9,1,8,2186,0,0,0,9,34.73166469054689,56.47590361445783,54.03225806451613,99,10.75268817204301,31.25,80.0,51.61290322580645,2.0,6,3,19,72.9661482159195
S45G01N82,2024-2025,20241213,551,away,70,14,2,22,8,30,3,34,16,29,7,1,1,8,5,2,4,63,23,17,12,58,71,5,2,11,2199,0,0,0,13,-33.03039833034329,43.59591100420926,42.06349206349206,56,14.189886480908154,23.529411764705884,62.5,60.869565217391305,1.2727272727272727,2,3,12,73.0804911323329,50,16,3,26,10,36,2,43,26,19,5,0,0,10,8,1,2,62,31,19,14,75,72,9,1,8,2199,0,0,0,9,33.03039833034329,56.47590361445783,54.03225806451613,99,10.75268817204301,31.25,80.0,51.61290322580645,2.0,2,3,19,73.0804911323329
S45G01N82,2024-2025,20241213,552,away,70,15,2,22,8,30,3,34,16,29,7,1,1,8,5,2,4,63,23,17,12,58,71,5,2,11,2199,0,0,0,13,-33.03039833034329,43.59591100420926,42.06349206349206,57,14.189886480908154,23.529411764705884,62.5,65.21739130434783,1.3636363636363635,2,3,12,73.0804911323329,50,16,3,26,10,36,2,43,26,19,5,0,0,10,8,1,2,62,31,19,14,75,72,9,1,8,2199,0,0,0,9,33.03039833034329,56.47590361445783,54.03225806451613,99,10.75268817204301,31.25,80.0,51.61290322580645,2.0,2,3,19,73.0804911323329
S45G01N82,2024-2025,20241213,553,away,70,15,2,22,8,30,3,34,16,29,7,1,1,8,5,2,4,63,23,17,12,58,71,5,2,11,2209,0,0,0,13,-33.03039833034329,43.59591100420926,42.06349206349206,57,14.189886480908154,23.529411764705884,62.5,65.21739130434783,1.3636363636363635,2,3,12,72.74966047985514,50,16,3,26,10,36,2,43,26,19,5,0,0,10,8,1,2,62,31,19,14,75,72,9,1,8,2209,0,0,0,9,33.03039833034329,56.47590361445783,54.03225806451613,99,10.75268817204301,31.25,80.0,51.61290322580645,2.0,2,3,19,72.74966047985514
S45G01N82,2024-2025,20241213,554,away,70,15,2,22,8,30,3,34,16,29,7,1,1,8,5,2,4,63,23,17,12,58,71,5,2,11,2209,0,0,0,13,-33.03039833034329,43.59591100420926,42.06349206349206,57,14.189886480908154,23.529411764705884,62.5,65.21739130434783,1.3636363636363635,2,3,12,72.74966047985514,50,16,3,26,10,36,2,43,26,19,5,0,0,10,8,1,2,62,31,19,14,75,72,9,1,8,2209,0,0,0,9,33.03039833034329,56.47590361445783,54.03225806451613,99,10.75268817204301,31.25,80.0,51.61290322580645,2.0,2,3,19,72.74966047985514
S45G01N82,2024-2025,20241213,555,away,70,15,2,22,8,30,3,34,16,29,7,1,1,8,5,2,4,63,23,17,12,58,71,5,2,11,2217,0,0,0,13,-31.249670083719536,43.59591100420926,42.06349206349206,57,14.189886480908154,23.529411764705884,62.5,65.21739130434783,1.3636363636363635,2,3,12,73.02841677943167,50,16,3,26,10,36,2,44,26,19,5,0,0,10,8,1,2,63,31,19,14,75,73,9,1,8,2217,0,0,0,9,31.249670083719536,55.637982195845694,53.17460317460318,98,10.610079575596815,31.25,80.0,51.61290322580645,2.0,2,3,19,73.02841677943167
S45G01N82,2024-2025,20241213,556,away,70,15,2,23,8,31,3,34,16,29,7,1,1,8,5,2,4,63,23,17,12,58,71,5,2,11,2220,0,0,0,13,-31.249670083719536,43.59591100420926,42.06349206349206,58,14.189886480908154,23.529411764705884,62.5,65.21739130434783,1.3636363636363635,2,3,12,72.92972972972974,50,16,3,26,10,36,2,44,26,19,5,0,0,10,8,1,2,63,31,19,14,75,73,9,1,8,2220,0,0,0,9,31.249670083719536,55.637982195845694,53.17460317460318,98,10.610079575596815,30.303030303030305,80.0,51.61290322580645,2.0,2,3,19,72.92972972972974
S45G01N82,2024-2025,20241213,557,away,70,15,2,23,8,31,3,34,16,29,7,1,1,8,5,2,4,63,23,17,12,58,71,5,2,11,2220,0,0,0,13,-31.249670083719536,43.59591100420926,42.06349206349206,58,14.189886480908154,23.529411764705884,62.5,65.21739130434783,1.3636363636363635,2,3,12,72.92972972972974,50,16,3,26,10,36,2,44,26,19,5,0,0,10,8,1,2,63,31,20,14,75,73,9,1,8,2220,0,0,0,9,31.249670083719536,55.637982195845694,53.17460317460318,98,10.610079575596815,30.303030303030305,80.0,51.61290322580645,2.0,2,3,19,72.92972972972974
S45G01N82,2024-2025,20241213,558,away,70,15,2,23,8,31,3,34,16,29,7,1,1,8,5,2,4,63,23,17,12,58,71,5,2,11,2220,0,0,0,13,-31.249670083719536,43.59591100420926,42.06349206349206,58,14.189886480908154,23.529411764705884,62.5,65.21739130434783,1.3636363636363635,2,3,12,72.92972972972974,50,16,3,26,10,36,2,44,26,19,5,0,0,10,8,1,2,63,31,20,14,75,73,9,1,8,2220,0,0,0,9,31.249670083719536,55.637982195845694,53.17460317460318,98,10.610079575596815,30.303030303030305,80.0,51.61290322580645,2.0,2,3,19,72.92972972972974
S45G01N82,2024-2025,20241213,559,away,70,15,2,23,8,31,3,34,16,29,7,1,1,9,6,2,4,63,23,17,12,59,72,5,2,11,2220,0,0,0,13,-30.344993993946716,44.05615292712067,42.06349206349206,59,14.109799897383274,23.529411764705884,66.66666666666667,65.21739130434783,1.3636363636363635,3,3,12,73.16756756756757,50,16,3,26,10,36,2,44,26,19,5,0,0,10,8,1,2,63,31,20,14,75,73,9,1,8,2220,0,0,0,9,30.344993993946716,55.637982195845694,53.17460317460318,98,10.610079575596815,30.303030303030305,80.0,51.61290322580645,2.0,3,3,19,73.16756756756757
S45G01N82,2024-2025,20241213,560,away,70,15,2,23,8,31,3,34,16,29,7,1,1,10,6,2,4,63,23,17,12,59,73,5,2,11,2220,0,0,0,13,-30.872080900750618,43.76854599406528,42.06349206349206,58,14.030612244897958,23.529411764705884,60.0,65.21739130434783,1.3636363636363635,3,3,12,73.40540540540542,50,16,3,26,10,36,2,44,26,19,5,0,0,10,8,1,2,63,31,20,14,75,73,9,1,8,2220,0,0,0,9,30.872080900750618,55.637982195845694,53.17460317460318,98,10.610079575596815,30.303030303030305,80.0,51.61290322580645,2.0,3,3,19,73.40540540540542
S45G01N82,2024-2025,20241213,561,away,70,15,2,23,8,31,3,34,16,29,7,1,1,10,6,2,4,63,23,17,12,59,73,5,2,11,2223,0,0,0,13,-30.872080900750618,43.76854599406528,42.06349206349206,58,14.030612244897958,22.857142857142858,60.0,65.21739130434783,1.3636363636363635,3,3,12,73.306342780027,50,16,3,27,10,37,2,44,26,19,5,0,0,10,8,1,2,63,31,20,14,75,73,9,1,8,2223,0,0,0,9,30.872080900750618,55.637982195845694,53.17460317460318,99,10.610079575596815,30.303030303030305,80.0,51.61290322580645,2.0,3,3,19,73.306342780027
S45G01N82,2024-2025,20241213,562,away,70,15,2,23,8,31,3,34,16,29,7,1,1,10,6,2,4,63,23,17,12,59,73,5,2,11,2237,0,0,0,13,-30.872080900750618,43.76854599406528,42.06349206349206,58,14.030612244897958,22.857142857142858,60.0,65.21739130434783,1.3636363636363635,3,3,12,72.8475637013858,50,16,3,27,10,37,2,44,26,19,5,0,0,10,8,1,2,63,31,20,14,75,73,9,1,8,2237,0,0,0,9,30.872080900750618,55.637982195845694,53.17460317460318,99,10.610079575596815,30.303030303030305,80.0,51.61290322580645,2.0,3,3,19,72.8475637013858
S45G01N82,2024-2025,20241213,563,away,70,15,2,23,8,31,3,34,16,29,7,1,1,10,6,2,4,63,23,17,12,59,73,5,2,11,2237,0,0,0,13,-30.872080900750618,43.76854599406528,42.06349206349206,58,14.030612244897958,22.857142857142858,60.0,65.21739130434783,1.3636363636363635,3,3,12,72.8475637013858,50,16,3,27,10,37,2,44,26,19,5,0,0,10,8,1,2,63,31,20,14,75,73,9,1,8,2237,0,0,0,9,30.872080900750618,55.637982195845694,53.17460317460318,99,10.610079575596815,30.303030303030305,80.0,51.61290322580645,2.0,3,3,19,72.8475637013858
S45G01N82,2024-2025,20241213,564,away,70,15,2,23,8,31,3,34,16,29,7,1,1,10,6,2,4,63,23,17,12,59,73,5,2,11,2237,0,0,0,13,-30.872080900750618,43.76854599406528,42.06349206349206,58,14.030612244897958,22.857142857142858,60.0,65.21739130434783,1.3636363636363635,3,3,12,72.8475637013858,50,16,3,27,10,37,2,44,26,19,5,0,0,10,8,1,2,63,31,20,14,75,73,9,1,8,2237,0,0,0,9,30.872080900750618,55.637982195845694,53.17460317460318,99,10.610079575596815,30.303030303030305,80.0,51.61290322580645,2.0,3,3,19,72.8475637013858
S45G01N82,2024-2025,20241213,565,away,70,15,2,23,8,31,3,34,16,29,7,1,1,10,6,2,4,63,23,17,12,59,73,5,2,11,2242,0,0,0,13,-29.144989047097482,43.76854599406528,42.06349206349206,58,14.030612244897958,22.857142857142858,60.0,65.21739130434783,1.3636363636363635,3,3,12,73.22033898305085,50,16,3,27,10,37,2,44,26,20,5,0,0,10,8,1,2,64,31,20,14,75,74,9,1,8,2242,0,0,0,9,29.144989047097482,54.82456140350877,52.34375,98,10.471204188481675,30.303030303030305,80.0,51.61290322580645,2.0,3,3,19,73.22033898305085
S45G01N82,2024-2025,20241213,566,away,70,15,2,24,8,32,3,34,16,29,7,1,1,10,6,2,4,63,23,17,12,59,73,5,2,11,2244,0,0,0,13,-29.144989047097482,43.76854599406528,42.06349206349206,59,14.030612244897958,22.857142857142858,60.0,65.21739130434783,1.3636363636363635,3,3,12,73.15508021390376,50,16,3,27,10,37,2,44,26,20,5,0,0,10,8,1,2,64,31,20,14,75,74,9,1,8,2244,0,0,0,9,29.144989047097482,54.82456140350877,52.34375,98,10.471204188481675,29.41176470588235,80.0,51.61290322580645,2.0,3,3,19,73.15508021390376
S45G01N82,2024-2025,20241213,567,away,70,15,2,24,8,32,3,34,16,29,7,1,1,10,6,2,4,63,23,18,13,59,73,5,2,11,2251,0,0,0,13,-29.144989047097482,43.76854599406528,42.06349206349206,59,14.030612244897958,22.857142857142858,60.0,65.21739130434783,1.3636363636363635,3,3,12,72.92758773878276,50,16,3,27,10,37,2,44,26,20,5,0,0,10,8,1,2,64,31,20,14,75,74,9,1,8,2251,0,0,0,9,29.144989047097482,54.82456140350877,52.34375,98,10.471204188481675,29.41176470588235,80.0,51.61290322580645,2.0,3,3,19,72.92758773878276
S45G01N82,2024-2025,20241213,568,away,70,15,2,24,8,32,3,34,16,29,7,1,1,10,6,2,4,63,23,18,13,59,73,5,2,12,2251,0,0,0,14,-30.31875400762715,43.76854599406528,42.06349206349206,58,15.113350125944583,22.857142857142858,60.0,65.21739130434783,1.25,3,3,12,73.46068414038206,50,16,3,27,10,37,2,44,26,20,5,0,0,10,8,1,2,64,31,20,14,75,74,9,1,8,2251,0,0,0,9,30.31875400762715,54.82456140350877,52.34375,98,10.471204188481675,29.41176470588235,80.0,51.61290322580645,2.0,3,3,19,73.46068414038206
S45G01N82,2024-2025,20241213,569,away,70,15,2,24,8,32,3,34,16,29,7,1,1,10,6,2,4,63,23,18,13,59,73,5,2,12,2251,0,0,0,14,-30.31875400762715,43.76854599406528,42.06349206349206,58,15.113350125944583,22.857142857142858,60.0,65.21739130434783,1.25,3,3,12,73.46068414038206,50,16,3,27,10,37,2,44,26,20,5,0,0,10,8,1,2,64,31,20,14,75,74,9,1,8,2251,0,0,0,9,30.31875400762715,54.82456140350877,52.34375,98,10.471204188481675,29.41176470588235,80.0,51.61290322580645,2.0,3,3,19,73.46068414038206
S45G01N82,2024-2025,20241213,570,away,70,15,2,24,8,32,3,34,16,29,7,1,1,10,6,2,4,63,23,18,13,59,73,5,2,12,2272,0,0,0,14,-28.642911170402883,43.76854599406528,42.06349206349206,58,15.113350125944583,22.857142857142858,60.0,65.21739130434783,1.25,3,3,12,73.30985915492958,50,16,3,27,10,37,2,44,26,21,5,0,0,10,8,1,2,65,31,20,14,75,75,9,1,8,2272,0,0,0,9,28.642911170402883,54.034582132564836,51.53846153846154,97,10.335917312661499,29.41176470588235,80.0,51.61290322580645,2.0,3,3,19,73.30985915492958
S45G01N82,2024-2025,20241213,571,away,70,15,2,25,8,33,3,34,16,29,7,1,1,10,6,2,4,63,23,18,13,59,73,5,2,12,2273,0,0,0,14,-28.642911170402883,43.76854599406528,42.06349206349206,59,15.113350125944583,22.857142857142858,60.0,65.21739130434783,1.25,3,3,12,73.27760668719755,50,16,3,27,10,37,2,44,26,21,5,0,0,10,8,1,2,65,31,20,14,75,75,9,1,8,2273,0,0,0,9,28.642911170402883,54.034582132564836,51.53846153846154,97,10.335917312661499,28.571428571428573,80.0,51.61290322580645,2.0,3,3,19,73.27760668719755
S45G01N82,2024-2025,20241213,572,away,70,15,2,25,8,33,3,35,17,29,7,1,1,10,6,2,4,64,24,18,13,61,74,5,2,12,2279,0,0,0,14,-27.021820745282554,44.5906432748538,42.96875,61,14.925373134328357,22.857142857142858,60.0,62.5,1.25,5,3,12,73.61123299692849,50,16,3,27,10,37,2,44,26,21,5,0,0,10,8,1,2,65,31,20,14,75,75,9,1,8,2279,0,0,0,9,27.021820745282554,54.034582132564836,51.53846153846154,97,10.335917312661499,28.571428571428573,80.0,51.61290322580645,2.0,5,3,19,73.61123299692849
S45G01N82,2024-2025,20241213,573,away,70,15,2,25,8,33,3,35,17,29,7,1,1,10,6,2,4,64,24,18,13,61,74,5,2,12,2279,0,0,0,14,-27.021820745282554,44.5906432748538,42.96875,61,14.925373134328357,22.857142857142858,60.0,62.5,1.25,5,3,12,73.61123299692849,50,16,3,27,10,37,2,44,26,21,5,0,0,10,8,1,2,65,31,21,14,75,75,9,1,8,2279,0,0,0,9,27.021820745282554,54.034582132564836,51.53846153846154,97,10.335917312661499,28.571428571428573,80.0,51.61290322580645,2.0,5,3,19,73.61123299692849
S45G01N82,2024-2025,20241213,574,away,70,15,2,25,8,33,3,35,17,29,7,1,1,10,6,2,4,64,24,18,13,61,74,5,2,12,2279,0,0,0,14,-27.021820745282554,44.5906432748538,42.96875,61,14.925373134328357,22.857142857142858,60.0,62.5,1.25,5,3,12,73.61123299692849,50,16,3,27,10,37,2,44,26,21,5,0,0,10,8,1,2,65,31,21,14,75,75,9,1,8,2279,0,0,1,9,27.021820745282554,54.034582132564836,51.53846153846154,97,10.335917312661499,28.571428571428573,80.0,51.61290322580645,2.0,5,3,19,73.61123299692849
S45G01N82,2024-2025,20241213,575,away,70,15,2,25,8,33,3,35,17,29,7,1,1,10,6,2,4,64,24,18,13,61,74,5,2,12,2279,0,0,0,14,-27.021820745282554,44.5906432748538,42.96875,61,14.925373134328357,22.857142857142858,60.0,62.5,1.25,5,3,12,73.61123299692849,50,16,3,27,10,37,2,44,26,21,5,0,0,10,8,1,2,65,31,21,14,75,75,9,1,8,2279,0,0,1,9,27.021820745282554,54.034582132564836,51.53846153846154,97,10.335917312661499,28.571428571428573,80.0,51.61290322580645,2.0,5,3,19,73.61123299692849
S45G01N82,2024-2025,20241213,576,away,70,15,2,25,8,33,3,35,17,29,7,1,1,11,6,2,4,64,24,18,13,61,75,5,2,12,2281,0,0,0,14,-27.530769443860535,44.30563625798954,42.96875,60,14.844136566056408,22.857142857142858,54.54545454545455,62.5,1.25,5,3,12,73.77816747040772,50,16,3,27,10,37,2,44,26,21,5,0,0,10,8,1,2,65,31,21,14,75,75,9,1,8,2281,0,0,1,9,27.530769443860535,54.034582132564836,51.53846153846154,97,10.335917312661499,28.571428571428573,80.0,51.61290322580645,2.0,5,3,19,73.77816747040772
S45G01N82,2024-2025,20241213,577,away,70,15,2,25,8,33,3,35,17,29,7,1,1,11,6,2,4,64,24,18,13,61,75,5,2,12,2282,0,0,0,14,-27.530769443860535,44.30563625798954,42.96875,60,14.844136566056408,22.22222222222222,54.54545454545455,62.5,1.25,5,3,12,73.7458369851008,50,16,3,28,10,38,2,44,26,21,5,0,0,10,8,1,2,65,31,21,14,75,75,9,1,8,2282,0,0,1,9,27.530769443860535,54.034582132564836,51.53846153846154,98,10.335917312661499,28.571428571428573,80.0,51.61290322580645,2.0,5,3,19,73.7458369851008
S45G01N82,2024-2025,20241213,578,away,70,15,2,25,8,33,3,35,17,29,7,1,1,11,6,2,4,64,24,19,13,61,75,5,2,12,2296,0,0,0,14,-27.530769443860535,44.30563625798954,42.96875,60,14.844136566056408,22.22222222222222,54.54545454545455,62.5,1.25,5,3,12,73.29616724738678,50,16,3,28,10,38,2,44,26,21,5,0,0,10,8,1,2,65,31,21,14,75,75,9,1,8,2296,0,0,1,9,27.530769443860535,54.034582132564836,51.53846153846154,98,10.335917312661499,28.571428571428573,80.0,51.61290322580645,2.0,5,3,19,73.29616724738678
S45G01N82,2024-2025,20241213,579,away,70,15,2,25,8,33,3,35,17,29,7,1,1,11,6,2,4,64,24,19,13,61,75,5,2,12,2296,0,0,0,14,-28.283106938961595,44.30563625798954,42.96875,60,14.844136566056408,22.22222222222222,54.54545454545455,62.5,1.25,1,3,12,73.5261324041812,50,16,3,28,10,38,2,44,26,21,5,0,0,11,9,1,2,65,31,21,14,76,76,9,1,8,2296,0,0,1,9,28.283106938961595,54.41008018327606,51.53846153846154,99,10.277492291880781,28.571428571428573,81.81818181818181,51.61290322580645,2.0,1,3,19,73.5261324041812
S45G01N82,2024-2025,20241213,580,away,70,15,2,25,8,33,3,35,17,29,7,1,1,11,6,2,4,64,24,19,13,61,75,5,2,12,2296,0,0,0,14,-29.02574822733024,44.30563625798954,42.96875,60,14.844136566056408,22.22222222222222,54.54545454545455,62.5,1.25,2,3,12,73.75609756097562,50,16,3,28,10,38,2,44,26,21,5,0,0,12,10,1,2,65,31,21,14,77,77,9,1,8,2296,0,0,1,9,29.02574822733024,54.7808764940239,51.53846153846154,100,10.219724067450178,28.571428571428573,83.33333333333333,51.61290322580645,2.0,2,3,19,73.75609756097562
S45G01N82,2024-2025,20241213,581,away,70,15,2,25,8,33,3,36,18,29,7,1,1,11,6,2,4,65,25,19,13,63,76,5,2,12,2305,0,0,0,14,-27.451333207663808,45.103092783505154,43.84615384615385,62,14.662756598240469,22.22222222222222,54.54545454545455,60.0,1.25,2,3,12,73.9887201735358,50,16,3,28,10,38,2,44,26,21,5,0,0,12,10,1,2,65,31,21,14,77,77,9,1,8,2305,0,0,1,9,27.451333207663808,54.7808764940239,51.53846153846154,100,10.219724067450178,28.571428571428573,83.33333333333333,51.61290322580645,2.0,2,3,19,73.9887201735358
S45G01N82,2024-2025,20241213,582,away,70,15,2,25,8,33,3,36,18,29,7,1,1,11,6,2,4,65,25,19,13,63,76,5,2,12,2330,0,0,0,14,-25.823577099477305,45.103092783505154,43.84615384615385,62,14.662756598240469,22.22222222222222,54.54545454545455,60.0,1.25,2,3,12,73.7098712446352,50,16,3,28,10,38,2,45,26,21,5,0,0,12,10,1,2,66,31,21,14,77,78,9,1,8,2330,0,0,1,9,25.823577099477305,54.01234567901234,50.75757575757576,99,10.090817356205852,28.571428571428573,83.33333333333333,51.61290322580645,2.0,2,3,19,73.7098712446352
S45G01N82,2024-2025,20241213,583,away,70,15,2,26,8,34,3,36,18,29,7,1,1,11,6,2,4,65,25,19,13,63,76,5,2,12,2331,0,0,0,14,-25.823577099477305,45.103092783505154,43.84615384615385,63,14.662756598240469,22.22222222222222,54.54545454545455,60.0,1.25,2,3,12,73.67824967824968,50,16,3,28,10,38,2,45,26,21,5,0,0,12,10,1,2,66,31,21,14,77,78,9,1,8,2331,0,0,1,9,25.823577099477305,54.01234567901234,50.75757575757576,99,10.090817356205852,27.77777777777778,83.33333333333333,51.61290322580645,2.0,2,3,19,73.67824967824968
S45G01N82,2024-2025,20241213,584,away,70,15,2,26,8,34,3,37,19,29,7,2,2,11,6,2,4,66,26,19,13,65,77,5,2,12,2339,0,0,0,14,-24.291236238540606,45.87803500846979,44.696969696969695,65,14.485755673587638,22.22222222222222,54.54545454545455,57.69230769230769,1.25,4,3,12,73.93929029499786,50,16,3,28,10,38,2,45,26,21,5,0,0,12,10,1,2,66,31,21,14,77,78,9,1,8,2339,0,0,1,9,24.291236238540606,54.01234567901234,50.75757575757576,99,10.090817356205852,27.77777777777778,83.33333333333333,51.61290322580645,2.0,4,3,19,73.93929029499786
S45G01N82,2024-2025,20241213,585,away,70,16,2,26,8,34,3,37,19,29,7,2,2,11,6,2,4,66,26,19,13,65,77,5,2,12,2339,0,0,0,14,-24.291236238540606,45.87803500846979,44.696969696969695,66,14.485755673587638,22.22222222222222,54.54545454545455,61.53846153846154,1.3333333333333333,4,3,12,73.93929029499786,50,16,3,28,10,38,2,45,26,21,5,0,0,12,10,1,2,66,31,21,14,77,78,9,1,8,2339,0,0,1,9,24.291236238540606,54.01234567901234,50.75757575757576,99,10.090817356205852,27.77777777777778,83.33333333333333,51.61290322580645,2.0,4,3,19,73.93929029499786
S45G01N82,2024-2025,20241213,586,away,70,16,2,26,8,34,3,37,19,29,7,2,2,11,6,2,4,66,26,20,13,65,77,5,2,12,2357,0,0,0,14,-24.291236238540606,45.87803500846979,44.696969696969695,66,14.485755673587638,22.22222222222222,54.54545454545455,61.53846153846154,1.3333333333333333,4,3,12,73.37462876537971,50,16,3,28,10,38,2,45,26,21,5,0,0,12,10,1,2,66,31,21,14,77,78,9,1,8,2357,0,0,1,9,24.291236238540606,54.01234567901234,50.75757575757576,99,10.090817356205852,27.77777777777778,83.33333333333333,51.61290322580645,2.0,4,3,19,73.37462876537971
S45G01N82,2024-2025,20241213,587,away,70,16,2,26,8,34,3,37,19,29,7,2,2,11,6,2,4,66,26,20,13,65,77,5,2,12,2357,0,0,0,14,-25.024124903063438,45.87803500846979,44.696969696969695,66,14.485755673587638,22.22222222222222,54.54545454545455,61.53846153846154,1.3333333333333333,1,3,12,73.59864234196012,50,16,3,28,10,38,2,45,26,21,5,0,0,13,11,1,2,66,31,21,14,78,79,9,1,8,2357,0,0,1,9,25.024124903063438,54.378137200223094,50.75757575757576,100,10.035122930255897,27.77777777777778,84.61538461538461,51.61290322580645,2.0,1,3,19,73.59864234196012
S45G01N82,2024-2025,20241213,588,away,70,16,2,26,8,34,3,37,19,29,7,2,2,11,6,2,4,66,26,20,13,65,77,5,2,12,2357,0,0,0,14,-25.747821121394978,45.87803500846979,44.696969696969695,66,14.485755673587638,22.22222222222222,54.54545454545455,61.53846153846154,1.3333333333333333,2,3,12,73.8226559185405,50,16,3,28,10,38,2,45,26,21,5,0,0,14,12,1,2,66,31,21,14,79,80,9,1,8,2357,0,0,1,9,25.747821121394978,54.73946784922395,50.75757575757576,101,9.980039920159681,27.77777777777778,85.71428571428571,51.61290322580645,2.0,2,3,19,73.8226559185405
S45G01N82,2024-2025,20241213,589,away,70,16,2,26,8,34,3,38,20,29,7,2,2,11,6,2,4,67,27,20,13,67,78,5,2,12,2372,0,0,0,14,-24.255890093288883,46.63140311804009,45.52238805970149,68,14.31297709923664,22.22222222222222,54.54545454545455,59.25925925925926,1.3333333333333333,2,3,12,73.86172006745363,50,16,3,28,10,38,2,45,26,21,5,0,0,14,12,1,2,66,31,21,14,79,80,9,1,8,2372,0,0,1,9,24.255890093288883,54.73946784922395,50.75757575757576,101,9.980039920159681,27.77777777777778,85.71428571428571,51.61290322580645,2.0,2,3,19,73.86172006745363
S45G01N82,2024-2025,20241213,590,away,70,16,2,26,8,34,3,38,20,29,7,2,2,11,6,2,4,67,27,20,13,67,78,5,2,12,2387,0,0,0,14,-22.67354366341496,46.63140311804009,45.52238805970149,68,14.31297709923664,22.22222222222222,54.54545454545455,59.25925925925926,1.3333333333333333,2,3,12,73.90029325513197,50,16,3,28,10,38,2,45,26,22,5,0,0,14,12,1,2,67,31,21,14,79,81,9,1,8,2387,0,0,1,9,22.67354366341496,53.991252050300716,50.0,100,9.857072449482503,27.77777777777778,85.71428571428571,51.61290322580645,2.0,2,3,19,73.90029325513197
S45G01N82,2024-2025,20241213,591,away,70,16,2,27,8,35,3,38,20,29,7,2,2,11,6,2,4,67,27,20,13,67,78,5,2,12,2388,0,0,0,14,-22.67354366341496,46.63140311804009,45.52238805970149,69,14.31297709923664,22.22222222222222,54.54545454545455,59.25925925925926,1.3333333333333333,2,3,12,73.86934673366834,50,16,3,28,10,38,2,45,26,22,5,0,0,14,12,1,2,67,31,21,14,79,81,9,1,8,2388,0,0,1,9,22.67354366341496,53.991252050300716,50.0,100,9.857072449482503,27.027027027027028,85.71428571428571,51.61290322580645,2.0,2,3,19,73.86934673366834
S45G01N82,2024-2025,20241213,592,away,70,16,2,27,8,35,3,38,20,29,7,2,2,11,6,2,4,67,27,20,13,67,78,5,2,12,2395,0,0,0,14,-22.67354366341496,46.63140311804009,45.52238805970149,69,14.31297709923664,22.22222222222222,54.54545454545455,59.25925925925926,1.3333333333333333,2,3,12,73.65344467640918,50,16,3,28,10,38,2,45,26,22,5,0,0,14,12,1,2,67,31,22,14,79,81,9,1,8,2395,0,0,1,9,22.67354366341496,53.991252050300716,50.0,100,9.857072449482503,27.027027027027028,85.71428571428571,51.61290322580645,2.0,2,3,19,73.65344467640918
S45G01N82,2024-2025,20241213,593,away,70,16,2,27,8,35,3,38,20,29,7,2,2,12,7,2,4,67,27,20,13,68,79,5,2,12,2395,0,0,0,14,-21.87217119378829,47.03929164360819,45.52238805970149,70,14.238253440911247,22.22222222222222,58.333333333333336,59.25925925925926,1.3333333333333333,3,3,12,73.87390396659707,50,16,3,28,10,38,2,45,26,22,5,0,0,14,12,1,2,67,31,22,14,79,81,9,1,8,2395,0,0,1,9,21.87217119378829,53.991252050300716,50.0,100,9.857072449482503,27.027027027027028,85.71428571428571,51.61290322580645,2.0,3,3,19,73.87390396659707
S45G01N82,2024-2025,20241213,594,away,70,17,2,27,8,35,3,38,20,29,7,2,2,12,7,2,4,67,27,20,13,68,79,5,2,12,2395,0,0,0,14,-21.87217119378829,47.03929164360819,45.52238805970149,71,14.238253440911247,22.22222222222222,58.333333333333336,62.96296296296296,1.4166666666666667,3,3,12,73.87390396659707,50,16,3,28,10,38,2,45,26,22,5,0,0,14,12,1,2,67,31,22,14,79,81,9,1,8,2395,0,0,1,9,21.87217119378829,53.991252050300716,50.0,100,9.857072449482503,27.027027027027028,85.71428571428571,51.61290322580645,2.0,3,3,19,73.87390396659707
S45G01N82,2024-2025,20241213,595,away,70,17,2,27,8,35,3,38,20,29,7,2,2,13,7,2,4,67,27,20,13,68,80,5,2,12,2395,0,0,0,14,-22.38343177647225,46.754675467546754,45.52238805970149,70,14.164305949008499,22.22222222222222,53.84615384615385,62.96296296296296,1.4166666666666667,3,3,12,74.09436325678496,50,16,3,28,10,38,2,45,26,22,5,0,0,14,12,1,2,67,31,22,14,79,81,9,1,8,2395,0,0,1,9,22.38343177647225,53.991252050300716,50.0,100,9.857072449482503,27.027027027027028,85.71428571428571,51.61290322580645,2.0,3,3,19,74.09436325678496
S45G01N82,2024-2025,20241213,596,away,70,17,2,27,8,35,3,38,20,29,7,2,2,13,7,2,4,67,27,20,13,68,80,5,2,12,2396,0,0,0,14,-22.38343177647225,46.754675467546754,45.52238805970149,70,14.164305949008499,21.62162162162162,53.84615384615385,62.96296296296296,1.4166666666666667,3,3,12,74.06343906510851,50,16,3,29,10,39,2,45,26,22,5,0,0,14,12,1,2,67,31,22,14,79,81,9,1,8,2396,0,0,1,9,22.38343177647225,53.991252050300716,50.0,101,9.857072449482503,27.027027027027028,85.71428571428571,51.61290322580645,2.0,3,3,19,74.06343906510851
S45G01N82,2024-2025,20241213,597,away,70,17,2,27,8,35,3,38,20,29,7,2,2,13,7,2,4,67,27,20,13,68,80,5,2,12,2396,0,0,0,14,-22.38343177647225,46.754675467546754,45.52238805970149,70,14.164305949008499,21.62162162162162,53.84615384615385,62.96296296296296,1.4166666666666667,3,3,12,74.06343906510851,50,16,3,29,10,39,2,45,26,22,5,0,0,14,12,1,2,67,31,22,14,79,81,9,1,8,2396,0,0,1,9,22.38343177647225,53.991252050300716,50.0,101,9.857072449482503,27.027027027027028,85.71428571428571,51.61290322580645,2.0,3,3,19,74.06343906510851
S45G01N82,2024-2025,20241213,598,away,70,17,2,27,8,35,3,38,20,29,7,2,2,13,7,2,4,67,27,20,13,68,80,5,2,12,2400,0,0,0,14,-22.38343177647225,46.754675467546754,45.52238805970149,70,14.164305949008499,21.62162162162162,53.84615384615385,62.96296296296296,1.4166666666666667,3,3,12,73.94,50,16,3,29,10,39,2,45,26,22,5,0,0,14,12,1,2,67,31,22,14,79,81,9,1,8,2400,0,0,1,9,22.38343177647225,53.991252050300716,50.0,101,9.857072449482503,27.027027027027028,85.71428571428571,51.61290322580645,2.0,3,3,19,73.94
S45G01N82,2024-2025,20241213,599,away,70,17,2,27,8,35,3,38,20,29,7,2,2,13,7,2,4,67,27,20,13,68,80,5,2,12,2400,0,0,0,14,-22.38343177647225,46.754675467546754,45.52238805970149,70,14.164305949008499,21.62162162162162,53.84615384615385,62.96296296296296,1.4166666666666667,3,3,12,73.94,50,16,3,29,10,39,2,45,26,22,5,0,0,14,12,1,2,67,31,22,14,79,81,9,1,8,2400,0,0,1,9,22.38343177647225,53.991252050300716,50.0,101,9.857072449482503,27.027027027027028,85.71428571428571,51.61290322580645,2.0,3,3,19,73.94
S45G01N82,2024-2025,20241213,600,away,70,17,2,27,8,35,3,38,20,29,7,2,2,13,7,2,4,67,27,20,13,68,80,5,2,12,2400,0,0,0,14,-22.38343177647225,46.754675467546754,45.52238805970149,70,14.164305949008499,21.62162162162162,53.84615384615385,62.96296296296296,1.4166666666666667,3,3,12,73.94,50,16,3,29,10,39,2,45,26,22,5,0,0,14,12,1,2,67,31,22,14,79,81,9,1,8,2400,0,0,1,9,22.38343177647225,53.991252050300716,50.0,101,9.857072449482503,27.027027027027028,85.71428571428571,51.61290322580645,2.0,3,3,19,73.94
S45G01N82,2024-2025,20241213,601,away,70,17,2,27,8,35,3,38,20,29,7,2,2,13,7,2,4,67,27,20,13,68,80,5,2,12,2400,0,0,0,14,-22.38343177647225,46.754675467546754,45.52238805970149,70,14.164305949008499,21.62162162162162,53.84615384615385,62.96296296296296,1.4166666666666667,3,3,12,73.94,50,16,3,29,10,39,2,45,26,22,5,0,0,14,12,1,2,67,31,22,14,79,81,9,1,8,2400,0,0,1,9,22.38343177647225,53.991252050300716,50.0,101,9.857072449482503,27.027027027027028,85.71428571428571,51.61290322580645,2.0,3,3,19,73.94
S45G01N82,2024-2025,20241213,602,away,70,17,2,27,8,35,3,38,20,29,7,2,2,13,7,2,4,67,27,20,13,68,80,5,2,12,2400,0,0,0,14,-22.38343177647225,46.754675467546754,45.52238805970149,70,14.164305949008499,21.62162162162162,53.84615384615385,62.96296296296296,1.4166666666666667,3,3,12,73.94,50,16,3,29,10,39,2,45,26,22,5,0,0,14,12,1,2,67,31,22,14,79,81,9,1,8,2400,0,0,1,9,22.38343177647225,53.991252050300716,50.0,101,9.857072449482503,27.027027027027028,85.71428571428571,51.61290322580645,2.0,3,3,19,73.94
S45G01N82,2024-2025,20241213,603,away,70,17,2,27,8,35,3,38,20,29,7,2,2,13,7,2,4,67,27,20,13,68,80,5,2,12,2400,0,0,0,14,-22.38343177647225,46.754675467546754,45.52238805970149,70,14.164305949008499,21.62162162162162,53.84615384615385,62.96296296296296,1.4166666666666667,3,3,12,73.94,50,16,3,29,10,39,2,45,26,22,5,0,0,14,12,1,2,67,31,22,14,79,81,9,1,8,2400,0,0,1,9,22.38343177647225,53.991252050300716,50.0,101,9.857072449482503,27.027027027027028,85.71428571428571,51.61290322580645,2.0,3,3,19,73.94
S45G01N82,2024-2025,20241213,604,away,70,17,2,27,8,35,3,38,20,29,7,2,2,13,7,2,4,67,27,20,13,68,80,5,2,12,2400,0,0,0,14,-22.38343177647225,46.754675467546754,45.52238805970149,70,14.164305949008499,21.62162162162162,53.84615384615385,62.96296296296296,1.4166666666666667,3,3,12,73.94,50,16,3,29,10,39,2,45,26,22,5,0,0,14,12,1,2,67,31,22,14,79,81,9,1,8,2400,0,0,1,9,22.38343177647225,53.991252050300716,50.0,101,9.857072449482503,27.027027027027028,85.71428571428571,51.61290322580645,2.0,3,3,19,73.94
S45G01N82,2024-2025,20241213,605,away,70,17,2,27,8,35,3,38,20,29,7,2,2,13,7,2,4,67,27,20,13,68,80,5,2,12,2400,0,0,0,14,-22.38343177647225,46.754675467546754,45.52238805970149,70,14.164305949008499,21.62162162162162,53.84615384615385,62.96296296296296,1.4166666666666667,3,3,12,73.94,50,16,3,29,10,39,2,45,26,22,5,0,0,14,12,1,2,67,31,22,14,79,81,9,1,8,2400,0,0,1,9,22.38343177647225,53.991252050300716,50.0,101,9.857072449482503,27.027027027027028,85.71428571428571,51.61290322580645,2.0,3,3,19,73.94
S45G01N82,2024-2025,20241213,606,away,70,17,2,27,8,35,3,38,20,29,7,2,2,13,7,2,4,67,27,20,13,68,80,5,2,12,2400,0,0,0,14,-22.38343177647225,46.754675467546754,45.52238805970149,70,14.164305949008499,21.62162162162162,53.84615384615385,62.96296296296296,1.4166666666666667,3,3,12,73.94,50,16,3,29,10,39,2,45,26,22,5,0,0,14,12,1,2,67,31,22,14,79,81,9,1,8,2400,0,0,1,9,22.38343177647225,53.991252050300716,50.0,101,9.857072449482503,27.027027027027028,85.71428571428571,51.61290322580645,2.0,3,3,19,73.94
S45G01N82,2024-2025,20241213,607,away,70,17,2,27,8,35,3,38,20,29,7,2,2,13,7,2,4,67,27,20,13,68,80,5,2,12,2400,0,0,0,14,-22.38343177647225,46.754675467546754,45.52238805970149,70,14.164305949008499,21.62162162162162,53.84615384615385,62.96296296296296,1.4166666666666667,3,3,12,73.94,50,16,3,29,10,39,2,45,26,22,5,0,0,14,12,1,2,67,31,22,14,79,81,9,1,8,2400,0,0,1,9,22.38343177647225,53.991252050300716,50.0,101,9.857072449482503,27.027027027027028,85.71428571428571,51.61290322580645,2.0,3,3,19,73.94
